0 	 221 	 228 	 ww
0 	 221 	 308 	 ww
0 	 222 	 308 	 ww
0 	 223 	 231 	 ww
0 	 223 	 283 	 ww
0 	 223 	 310 	 ww
0 	 224 	 298 	 ww
0 	 226 	 238 	 ww
0 	 226 	 281 	 ww
0 	 226 	 304 	 ww
0 	 227 	 250 	 ww
0 	 228 	 290 	 ww
0 	 229 	 244 	 ww
0 	 229 	 300 	 ww
0 	 230 	 263 	 ww
0 	 233 	 236 	 ww
0 	 233 	 315 	 ww
0 	 234 	 266 	 ww
0 	 234 	 331 	 wp
0 	 235 	 237 	 ww
0 	 235 	 245 	 ww
0 	 237 	 254 	 ww
0 	 238 	 325 	 ww
0 	 240 	 302 	 ww
0 	 240 	 311 	 ww
0 	 241 	 263 	 ww
0 	 242 	 305 	 ww
0 	 244 	 247 	 ww
0 	 244 	 257 	 ww
0 	 244 	 326 	 ww
0 	 245 	 281 	 ww
0 	 245 	 287 	 ww
0 	 247 	 273 	 ww
0 	 247 	 318 	 ww
0 	 248 	 251 	 ww
0 	 248 	 287 	 ww
0 	 249 	 327 	 ww
0 	 250 	 325 	 ww
0 	 250 	 330 	 ww
0 	 251 	 279 	 ww
0 	 251 	 283 	 ww
0 	 251 	 299 	 ww
0 	 252 	 256 	 ww
0 	 252 	 285 	 ww
0 	 253 	 311 	 ww
0 	 255 	 324 	 ww
0 	 256 	 305 	 ww
0 	 257 	 296 	 ww
0 	 258 	 322 	 ww
0 	 259 	 275 	 ww
0 	 260 	 324 	 ww
0 	 261 	 305 	 ww
0 	 264 	 273 	 ww
0 	 266 	 294 	 ww
0 	 267 	 282 	 ww
0 	 267 	 307 	 ww
0 	 268 	 303 	 ww
0 	 269 	 287 	 ww
0 	 269 	 325 	 ww
0 	 270 	 294 	 ww
0 	 271 	 290 	 ww
0 	 271 	 329 	 ww
0 	 272 	 285 	 ww
0 	 272 	 299 	 ww
0 	 272 	 330 	 ww
0 	 273 	 308 	 ww
0 	 274 	 297 	 ww
0 	 276 	 309 	 ww
0 	 277 	 289 	 ww
0 	 277 	 330 	 ww
0 	 278 	 304 	 ww
0 	 279 	 287 	 ww
0 	 280 	 312 	 ww
0 	 280 	 323 	 ww
0 	 280 	 325 	 ww
0 	 283 	 319 	 ww
0 	 284 	 303 	 ww
0 	 284 	 310 	 ww
0 	 284 	 322 	 ww
0 	 286 	 326 	 ww
0 	 288 	 302 	 ww
0 	 289 	 296 	 ww
0 	 290 	 291 	 ww
0 	 290 	 298 	 ww
0 	 293 	 318 	 ww
0 	 294 	 331 	 wp
0 	 296 	 326 	 ww
0 	 298 	 324 	 ww
0 	 299 	 328 	 ww
0 	 301 	 321 	 ww
0 	 302 	 309 	 ww
0 	 302 	 312 	 ww
0 	 303 	 315 	 ww
0 	 312 	 330 	 ww
0 	 314 	 321 	 ww
0 	 314 	 326 	 ww
0 	 315 	 328 	 ww
0 	 322 	 328 	 ww
1 	 221 	 228 	 ww
1 	 222 	 308 	 ww
1 	 223 	 231 	 ww
1 	 223 	 283 	 ww
1 	 223 	 310 	 ww
1 	 224 	 235 	 ww
1 	 224 	 298 	 ww
1 	 226 	 238 	 ww
1 	 226 	 281 	 ww
1 	 226 	 304 	 ww
1 	 227 	 250 	 ww
1 	 227 	 280 	 ww
1 	 228 	 290 	 ww
1 	 229 	 244 	 ww
1 	 229 	 300 	 ww
1 	 230 	 263 	 ww
1 	 233 	 236 	 ww
1 	 233 	 315 	 ww
1 	 234 	 266 	 ww
1 	 234 	 331 	 wp
1 	 235 	 237 	 ww
1 	 235 	 245 	 ww
1 	 238 	 325 	 ww
1 	 239 	 289 	 ww
1 	 240 	 302 	 ww
1 	 240 	 311 	 ww
1 	 241 	 263 	 ww
1 	 242 	 305 	 ww
1 	 244 	 247 	 ww
1 	 244 	 257 	 ww
1 	 244 	 326 	 ww
1 	 245 	 281 	 ww
1 	 245 	 287 	 ww
1 	 247 	 273 	 ww
1 	 247 	 318 	 ww
1 	 248 	 251 	 ww
1 	 248 	 287 	 ww
1 	 248 	 291 	 ww
1 	 249 	 327 	 ww
1 	 250 	 325 	 ww
1 	 250 	 330 	 ww
1 	 251 	 279 	 ww
1 	 251 	 283 	 ww
1 	 251 	 299 	 ww
1 	 252 	 256 	 ww
1 	 253 	 311 	 ww
1 	 255 	 327 	 ww
1 	 256 	 295 	 ww
1 	 256 	 305 	 ww
1 	 257 	 296 	 ww
1 	 258 	 322 	 ww
1 	 259 	 275 	 ww
1 	 259 	 288 	 ww
1 	 260 	 324 	 ww
1 	 261 	 305 	 ww
1 	 264 	 273 	 ww
1 	 266 	 294 	 ww
1 	 267 	 282 	 ww
1 	 267 	 307 	 ww
1 	 268 	 303 	 ww
1 	 269 	 287 	 ww
1 	 269 	 325 	 ww
1 	 270 	 294 	 ww
1 	 271 	 327 	 ww
1 	 271 	 329 	 ww
1 	 272 	 285 	 ww
1 	 272 	 299 	 ww
1 	 273 	 308 	 ww
1 	 274 	 297 	 ww
1 	 276 	 309 	 ww
1 	 277 	 289 	 ww
1 	 277 	 330 	 ww
1 	 279 	 287 	 ww
1 	 280 	 312 	 ww
1 	 280 	 323 	 ww
1 	 280 	 325 	 ww
1 	 283 	 319 	 ww
1 	 284 	 303 	 ww
1 	 284 	 310 	 ww
1 	 284 	 322 	 ww
1 	 286 	 326 	 ww
1 	 288 	 302 	 ww
1 	 289 	 296 	 ww
1 	 290 	 291 	 ww
1 	 290 	 298 	 ww
1 	 293 	 318 	 ww
1 	 294 	 331 	 wp
1 	 296 	 326 	 ww
1 	 298 	 324 	 ww
1 	 299 	 328 	 ww
1 	 301 	 321 	 ww
1 	 302 	 309 	 ww
1 	 302 	 312 	 ww
1 	 303 	 315 	 ww
1 	 312 	 330 	 ww
1 	 314 	 321 	 ww
1 	 314 	 326 	 ww
1 	 315 	 328 	 ww
2 	 221 	 233 	 ww
2 	 221 	 308 	 ww
2 	 222 	 308 	 ww
2 	 223 	 231 	 ww
2 	 223 	 283 	 ww
2 	 223 	 310 	 ww
2 	 224 	 235 	 ww
2 	 224 	 298 	 ww
2 	 226 	 238 	 ww
2 	 226 	 281 	 ww
2 	 226 	 304 	 ww
2 	 227 	 250 	 ww
2 	 227 	 280 	 ww
2 	 228 	 290 	 ww
2 	 229 	 244 	 ww
2 	 229 	 300 	 ww
2 	 230 	 263 	 ww
2 	 231 	 232 	 ww
2 	 233 	 236 	 ww
2 	 233 	 315 	 ww
2 	 234 	 331 	 wp
2 	 235 	 237 	 ww
2 	 235 	 245 	 ww
2 	 238 	 325 	 ww
2 	 239 	 289 	 ww
2 	 240 	 302 	 ww
2 	 240 	 311 	 ww
2 	 241 	 263 	 ww
2 	 242 	 305 	 ww
2 	 244 	 247 	 ww
2 	 244 	 257 	 ww
2 	 244 	 326 	 ww
2 	 245 	 281 	 ww
2 	 245 	 287 	 ww
2 	 246 	 295 	 ww
2 	 247 	 273 	 ww
2 	 247 	 318 	 ww
2 	 248 	 251 	 ww
2 	 248 	 287 	 ww
2 	 248 	 291 	 ww
2 	 249 	 327 	 ww
2 	 250 	 325 	 ww
2 	 250 	 330 	 ww
2 	 251 	 279 	 ww
2 	 251 	 283 	 ww
2 	 251 	 299 	 ww
2 	 252 	 256 	 ww
2 	 253 	 311 	 ww
2 	 255 	 327 	 ww
2 	 256 	 295 	 ww
2 	 256 	 305 	 ww
2 	 257 	 296 	 ww
2 	 258 	 322 	 ww
2 	 259 	 275 	 ww
2 	 259 	 288 	 ww
2 	 259 	 313 	 ww
2 	 260 	 324 	 ww
2 	 261 	 305 	 ww
2 	 264 	 273 	 ww
2 	 266 	 294 	 ww
2 	 267 	 282 	 ww
2 	 267 	 307 	 ww
2 	 269 	 287 	 ww
2 	 269 	 306 	 ww
2 	 269 	 325 	 ww
2 	 270 	 294 	 ww
2 	 271 	 327 	 ww
2 	 271 	 329 	 ww
2 	 272 	 285 	 ww
2 	 272 	 299 	 ww
2 	 273 	 308 	 ww
2 	 276 	 309 	 ww
2 	 277 	 289 	 ww
2 	 277 	 322 	 ww
2 	 277 	 330 	 ww
2 	 279 	 287 	 ww
2 	 279 	 298 	 ww
2 	 280 	 312 	 ww
2 	 280 	 323 	 ww
2 	 280 	 325 	 ww
2 	 283 	 319 	 ww
2 	 284 	 303 	 ww
2 	 284 	 322 	 ww
2 	 286 	 326 	 ww
2 	 288 	 302 	 ww
2 	 289 	 296 	 ww
2 	 290 	 291 	 ww
2 	 290 	 298 	 ww
2 	 293 	 318 	 ww
2 	 294 	 331 	 wp
2 	 296 	 326 	 ww
2 	 298 	 324 	 ww
2 	 299 	 328 	 ww
2 	 301 	 321 	 ww
2 	 302 	 309 	 ww
2 	 303 	 315 	 ww
2 	 312 	 330 	 ww
2 	 314 	 321 	 ww
2 	 314 	 326 	 ww
2 	 315 	 328 	 ww
3 	 221 	 285 	 ww
3 	 221 	 308 	 ww
3 	 222 	 308 	 ww
3 	 223 	 231 	 ww
3 	 223 	 283 	 ww
3 	 223 	 310 	 ww
3 	 224 	 235 	 ww
3 	 224 	 282 	 ww
3 	 226 	 238 	 ww
3 	 226 	 281 	 ww
3 	 226 	 304 	 ww
3 	 227 	 250 	 ww
3 	 227 	 280 	 ww
3 	 228 	 290 	 ww
3 	 229 	 244 	 ww
3 	 229 	 300 	 ww
3 	 230 	 263 	 ww
3 	 231 	 232 	 ww
3 	 233 	 236 	 ww
3 	 233 	 315 	 ww
3 	 234 	 331 	 wp
3 	 235 	 237 	 ww
3 	 235 	 245 	 ww
3 	 238 	 325 	 ww
3 	 239 	 289 	 ww
3 	 240 	 311 	 ww
3 	 241 	 263 	 ww
3 	 242 	 305 	 ww
3 	 243 	 331 	 wp
3 	 244 	 257 	 ww
3 	 244 	 326 	 ww
3 	 245 	 281 	 ww
3 	 245 	 287 	 ww
3 	 246 	 295 	 ww
3 	 247 	 273 	 ww
3 	 247 	 318 	 ww
3 	 248 	 251 	 ww
3 	 248 	 287 	 ww
3 	 249 	 327 	 ww
3 	 250 	 325 	 ww
3 	 250 	 330 	 ww
3 	 251 	 279 	 ww
3 	 251 	 283 	 ww
3 	 251 	 299 	 ww
3 	 252 	 256 	 ww
3 	 253 	 311 	 ww
3 	 255 	 327 	 ww
3 	 256 	 295 	 ww
3 	 256 	 305 	 ww
3 	 257 	 296 	 ww
3 	 258 	 322 	 ww
3 	 259 	 275 	 ww
3 	 259 	 288 	 ww
3 	 259 	 313 	 ww
3 	 260 	 324 	 ww
3 	 262 	 267 	 ww
3 	 266 	 294 	 ww
3 	 267 	 282 	 ww
3 	 267 	 307 	 ww
3 	 268 	 303 	 ww
3 	 269 	 287 	 ww
3 	 269 	 325 	 ww
3 	 270 	 294 	 ww
3 	 271 	 327 	 ww
3 	 271 	 329 	 ww
3 	 272 	 299 	 ww
3 	 273 	 308 	 ww
3 	 276 	 309 	 ww
3 	 277 	 322 	 ww
3 	 277 	 330 	 ww
3 	 279 	 298 	 ww
3 	 280 	 312 	 ww
3 	 280 	 323 	 ww
3 	 280 	 325 	 ww
3 	 283 	 319 	 ww
3 	 284 	 303 	 ww
3 	 284 	 316 	 ww
3 	 284 	 322 	 ww
3 	 286 	 326 	 ww
3 	 288 	 302 	 ww
3 	 289 	 296 	 ww
3 	 290 	 291 	 ww
3 	 290 	 298 	 ww
3 	 293 	 318 	 ww
3 	 294 	 331 	 wp
3 	 296 	 326 	 ww
3 	 298 	 324 	 ww
3 	 299 	 328 	 ww
3 	 301 	 321 	 ww
3 	 302 	 309 	 ww
3 	 303 	 315 	 ww
3 	 312 	 330 	 ww
3 	 314 	 321 	 ww
3 	 314 	 326 	 ww
3 	 315 	 328 	 ww
4 	 221 	 285 	 ww
4 	 221 	 308 	 ww
4 	 222 	 308 	 ww
4 	 223 	 231 	 ww
4 	 223 	 283 	 ww
4 	 223 	 310 	 ww
4 	 224 	 282 	 ww
4 	 226 	 238 	 ww
4 	 226 	 281 	 ww
4 	 226 	 304 	 ww
4 	 227 	 250 	 ww
4 	 227 	 280 	 ww
4 	 228 	 290 	 ww
4 	 229 	 244 	 ww
4 	 229 	 300 	 ww
4 	 230 	 282 	 ww
4 	 231 	 232 	 ww
4 	 233 	 236 	 ww
4 	 233 	 315 	 ww
4 	 234 	 331 	 wp
4 	 235 	 237 	 ww
4 	 235 	 245 	 ww
4 	 235 	 298 	 ww
4 	 238 	 325 	 ww
4 	 239 	 289 	 ww
4 	 240 	 300 	 ww
4 	 240 	 311 	 ww
4 	 241 	 263 	 ww
4 	 242 	 305 	 ww
4 	 243 	 331 	 wp
4 	 244 	 257 	 ww
4 	 244 	 326 	 ww
4 	 245 	 287 	 ww
4 	 246 	 295 	 ww
4 	 247 	 273 	 ww
4 	 247 	 318 	 ww
4 	 248 	 251 	 ww
4 	 248 	 287 	 ww
4 	 249 	 327 	 ww
4 	 250 	 325 	 ww
4 	 250 	 330 	 ww
4 	 251 	 283 	 ww
4 	 251 	 299 	 ww
4 	 252 	 285 	 ww
4 	 253 	 311 	 ww
4 	 255 	 327 	 ww
4 	 256 	 295 	 ww
4 	 257 	 296 	 ww
4 	 258 	 322 	 ww
4 	 259 	 288 	 ww
4 	 259 	 313 	 ww
4 	 260 	 324 	 ww
4 	 261 	 301 	 ww
4 	 262 	 267 	 ww
4 	 266 	 294 	 ww
4 	 267 	 282 	 ww
4 	 267 	 307 	 ww
4 	 268 	 303 	 ww
4 	 269 	 287 	 ww
4 	 269 	 325 	 ww
4 	 270 	 294 	 ww
4 	 271 	 327 	 ww
4 	 271 	 329 	 ww
4 	 272 	 299 	 ww
4 	 276 	 309 	 ww
4 	 277 	 322 	 ww
4 	 277 	 330 	 ww
4 	 279 	 298 	 ww
4 	 280 	 312 	 ww
4 	 280 	 323 	 ww
4 	 280 	 325 	 ww
4 	 281 	 310 	 ww
4 	 283 	 319 	 ww
4 	 284 	 303 	 ww
4 	 284 	 316 	 ww
4 	 284 	 322 	 ww
4 	 286 	 326 	 ww
4 	 288 	 302 	 ww
4 	 289 	 296 	 ww
4 	 290 	 291 	 ww
4 	 294 	 331 	 wp
4 	 296 	 326 	 ww
4 	 298 	 324 	 ww
4 	 299 	 328 	 ww
4 	 301 	 321 	 ww
4 	 302 	 309 	 ww
4 	 303 	 315 	 ww
4 	 312 	 330 	 ww
4 	 314 	 321 	 ww
4 	 314 	 326 	 ww
4 	 315 	 328 	 ww
5 	 221 	 228 	 ww
5 	 221 	 308 	 ww
5 	 222 	 304 	 ww
5 	 222 	 308 	 ww
5 	 223 	 231 	 ww
5 	 223 	 283 	 ww
5 	 223 	 310 	 ww
5 	 225 	 321 	 ww
5 	 226 	 238 	 ww
5 	 226 	 281 	 ww
5 	 226 	 304 	 ww
5 	 227 	 250 	 ww
5 	 227 	 280 	 ww
5 	 228 	 290 	 ww
5 	 229 	 244 	 ww
5 	 229 	 300 	 ww
5 	 230 	 282 	 ww
5 	 231 	 232 	 ww
5 	 233 	 315 	 ww
5 	 234 	 331 	 wp
5 	 235 	 237 	 ww
5 	 235 	 245 	 ww
5 	 235 	 298 	 ww
5 	 238 	 325 	 ww
5 	 239 	 289 	 ww
5 	 240 	 300 	 ww
5 	 240 	 311 	 ww
5 	 241 	 263 	 ww
5 	 242 	 305 	 ww
5 	 244 	 257 	 ww
5 	 244 	 326 	 ww
5 	 245 	 287 	 ww
5 	 246 	 295 	 ww
5 	 247 	 273 	 ww
5 	 247 	 318 	 ww
5 	 248 	 251 	 ww
5 	 248 	 287 	 ww
5 	 249 	 327 	 ww
5 	 250 	 325 	 ww
5 	 250 	 330 	 ww
5 	 251 	 283 	 ww
5 	 251 	 299 	 ww
5 	 252 	 285 	 ww
5 	 253 	 311 	 ww
5 	 255 	 327 	 ww
5 	 256 	 295 	 ww
5 	 256 	 305 	 ww
5 	 257 	 264 	 ww
5 	 258 	 322 	 ww
5 	 259 	 288 	 ww
5 	 259 	 313 	 ww
5 	 260 	 324 	 ww
5 	 261 	 301 	 ww
5 	 261 	 319 	 ww
5 	 266 	 294 	 ww
5 	 267 	 282 	 ww
5 	 267 	 307 	 ww
5 	 268 	 303 	 ww
5 	 269 	 287 	 ww
5 	 269 	 325 	 ww
5 	 270 	 294 	 ww
5 	 271 	 327 	 ww
5 	 271 	 329 	 ww
5 	 272 	 299 	 ww
5 	 276 	 309 	 ww
5 	 277 	 322 	 ww
5 	 279 	 298 	 ww
5 	 280 	 312 	 ww
5 	 280 	 323 	 ww
5 	 280 	 325 	 ww
5 	 281 	 310 	 ww
5 	 283 	 319 	 ww
5 	 284 	 303 	 ww
5 	 284 	 316 	 ww
5 	 284 	 322 	 ww
5 	 286 	 326 	 ww
5 	 288 	 302 	 ww
5 	 289 	 296 	 ww
5 	 290 	 291 	 ww
5 	 291 	 330 	 ww
5 	 293 	 318 	 ww
5 	 294 	 331 	 wp
5 	 296 	 326 	 ww
5 	 298 	 324 	 ww
5 	 299 	 328 	 ww
5 	 301 	 321 	 ww
5 	 302 	 309 	 ww
5 	 303 	 315 	 ww
5 	 312 	 330 	 ww
5 	 314 	 321 	 ww
5 	 314 	 326 	 ww
5 	 315 	 328 	 ww
6 	 221 	 228 	 ww
6 	 221 	 308 	 ww
6 	 222 	 304 	 ww
6 	 222 	 308 	 ww
6 	 223 	 231 	 ww
6 	 223 	 283 	 ww
6 	 223 	 310 	 ww
6 	 224 	 235 	 ww
6 	 225 	 321 	 ww
6 	 226 	 238 	 ww
6 	 226 	 281 	 ww
6 	 226 	 304 	 ww
6 	 227 	 250 	 ww
6 	 227 	 308 	 ww
6 	 228 	 264 	 ww
6 	 228 	 290 	 ww
6 	 229 	 244 	 ww
6 	 229 	 300 	 ww
6 	 230 	 282 	 ww
6 	 230 	 316 	 ww
6 	 231 	 232 	 ww
6 	 233 	 315 	 ww
6 	 234 	 331 	 wp
6 	 235 	 237 	 ww
6 	 235 	 245 	 ww
6 	 237 	 264 	 ww
6 	 238 	 325 	 ww
6 	 239 	 289 	 ww
6 	 240 	 300 	 ww
6 	 241 	 263 	 ww
6 	 242 	 267 	 ww
6 	 242 	 305 	 ww
6 	 244 	 257 	 ww
6 	 244 	 326 	 ww
6 	 245 	 287 	 ww
6 	 247 	 273 	 ww
6 	 247 	 318 	 ww
6 	 248 	 251 	 ww
6 	 248 	 257 	 ww
6 	 248 	 287 	 ww
6 	 249 	 327 	 ww
6 	 250 	 325 	 ww
6 	 250 	 330 	 ww
6 	 251 	 283 	 ww
6 	 251 	 299 	 ww
6 	 252 	 285 	 ww
6 	 253 	 311 	 ww
6 	 254 	 279 	 ww
6 	 255 	 324 	 ww
6 	 255 	 327 	 ww
6 	 256 	 295 	 ww
6 	 256 	 305 	 ww
6 	 257 	 264 	 ww
6 	 258 	 322 	 ww
6 	 259 	 288 	 ww
6 	 259 	 313 	 ww
6 	 260 	 324 	 ww
6 	 261 	 301 	 ww
6 	 261 	 319 	 ww
6 	 262 	 267 	 ww
6 	 266 	 294 	 ww
6 	 267 	 278 	 ww
6 	 267 	 307 	 ww
6 	 268 	 303 	 ww
6 	 269 	 287 	 ww
6 	 269 	 325 	 ww
6 	 270 	 283 	 ww
6 	 271 	 327 	 ww
6 	 271 	 329 	 ww
6 	 272 	 299 	 ww
6 	 276 	 309 	 ww
6 	 277 	 322 	 ww
6 	 279 	 298 	 ww
6 	 280 	 312 	 ww
6 	 280 	 323 	 ww
6 	 280 	 325 	 ww
6 	 281 	 310 	 ww
6 	 283 	 319 	 ww
6 	 284 	 303 	 ww
6 	 284 	 316 	 ww
6 	 284 	 322 	 ww
6 	 286 	 326 	 ww
6 	 288 	 302 	 ww
6 	 289 	 296 	 ww
6 	 290 	 291 	 ww
6 	 291 	 330 	 ww
6 	 293 	 318 	 ww
6 	 294 	 331 	 wp
6 	 296 	 326 	 ww
6 	 298 	 324 	 ww
6 	 299 	 328 	 ww
6 	 301 	 321 	 ww
6 	 302 	 309 	 ww
6 	 303 	 315 	 ww
6 	 312 	 330 	 ww
6 	 314 	 321 	 ww
6 	 315 	 328 	 ww
7 	 221 	 228 	 ww
7 	 221 	 308 	 ww
7 	 222 	 304 	 ww
7 	 222 	 308 	 ww
7 	 223 	 231 	 ww
7 	 223 	 283 	 ww
7 	 223 	 310 	 ww
7 	 224 	 235 	 ww
7 	 225 	 321 	 ww
7 	 226 	 238 	 ww
7 	 227 	 308 	 ww
7 	 228 	 264 	 ww
7 	 228 	 290 	 ww
7 	 229 	 244 	 ww
7 	 229 	 300 	 ww
7 	 230 	 282 	 ww
7 	 230 	 316 	 ww
7 	 231 	 232 	 ww
7 	 233 	 315 	 ww
7 	 234 	 331 	 wp
7 	 235 	 237 	 ww
7 	 235 	 245 	 ww
7 	 238 	 325 	 ww
7 	 239 	 289 	 ww
7 	 240 	 300 	 ww
7 	 240 	 302 	 ww
7 	 241 	 263 	 ww
7 	 242 	 267 	 ww
7 	 242 	 305 	 ww
7 	 244 	 257 	 ww
7 	 244 	 326 	 ww
7 	 245 	 287 	 ww
7 	 247 	 273 	 ww
7 	 247 	 304 	 ww
7 	 247 	 318 	 ww
7 	 248 	 251 	 ww
7 	 248 	 257 	 ww
7 	 248 	 287 	 ww
7 	 250 	 325 	 ww
7 	 250 	 330 	 ww
7 	 251 	 283 	 ww
7 	 251 	 299 	 ww
7 	 252 	 256 	 ww
7 	 252 	 285 	 ww
7 	 253 	 311 	 ww
7 	 254 	 264 	 ww
7 	 254 	 279 	 ww
7 	 255 	 324 	 ww
7 	 255 	 327 	 ww
7 	 256 	 295 	 ww
7 	 256 	 305 	 ww
7 	 257 	 264 	 ww
7 	 258 	 322 	 ww
7 	 259 	 288 	 ww
7 	 259 	 313 	 ww
7 	 260 	 324 	 ww
7 	 261 	 301 	 ww
7 	 261 	 319 	 ww
7 	 262 	 267 	 ww
7 	 266 	 294 	 ww
7 	 267 	 278 	 ww
7 	 267 	 307 	 ww
7 	 268 	 303 	 ww
7 	 269 	 287 	 ww
7 	 269 	 325 	 ww
7 	 270 	 283 	 ww
7 	 271 	 327 	 ww
7 	 271 	 329 	 ww
7 	 272 	 299 	 ww
7 	 273 	 303 	 ww
7 	 276 	 309 	 ww
7 	 277 	 322 	 ww
7 	 277 	 330 	 ww
7 	 279 	 298 	 ww
7 	 280 	 312 	 ww
7 	 280 	 323 	 ww
7 	 280 	 325 	 ww
7 	 281 	 310 	 ww
7 	 283 	 319 	 ww
7 	 284 	 303 	 ww
7 	 284 	 322 	 ww
7 	 286 	 326 	 ww
7 	 288 	 302 	 ww
7 	 289 	 296 	 ww
7 	 290 	 291 	 ww
7 	 293 	 318 	 ww
7 	 294 	 331 	 wp
7 	 296 	 326 	 ww
7 	 298 	 324 	 ww
7 	 299 	 328 	 ww
7 	 300 	 301 	 ww
7 	 301 	 321 	 ww
7 	 302 	 309 	 ww
7 	 312 	 330 	 ww
7 	 314 	 321 	 ww
7 	 315 	 328 	 ww
8 	 221 	 228 	 ww
8 	 221 	 308 	 ww
8 	 222 	 308 	 ww
8 	 223 	 231 	 ww
8 	 223 	 283 	 ww
8 	 223 	 310 	 ww
8 	 224 	 235 	 ww
8 	 226 	 238 	 ww
8 	 227 	 308 	 ww
8 	 228 	 264 	 ww
8 	 228 	 290 	 ww
8 	 229 	 244 	 ww
8 	 229 	 300 	 ww
8 	 230 	 263 	 ww
8 	 230 	 282 	 ww
8 	 230 	 316 	 ww
8 	 231 	 232 	 ww
8 	 233 	 315 	 ww
8 	 234 	 331 	 wp
8 	 235 	 237 	 ww
8 	 235 	 245 	 ww
8 	 236 	 253 	 ww
8 	 238 	 325 	 ww
8 	 239 	 289 	 ww
8 	 240 	 300 	 ww
8 	 240 	 302 	 ww
8 	 241 	 263 	 ww
8 	 242 	 267 	 ww
8 	 242 	 305 	 ww
8 	 244 	 257 	 ww
8 	 244 	 326 	 ww
8 	 245 	 287 	 ww
8 	 247 	 273 	 ww
8 	 247 	 304 	 ww
8 	 247 	 318 	 ww
8 	 248 	 251 	 ww
8 	 248 	 257 	 ww
8 	 248 	 287 	 ww
8 	 249 	 286 	 ww
8 	 250 	 325 	 ww
8 	 250 	 330 	 ww
8 	 251 	 279 	 ww
8 	 251 	 283 	 ww
8 	 251 	 299 	 ww
8 	 252 	 256 	 ww
8 	 252 	 285 	 ww
8 	 254 	 264 	 ww
8 	 254 	 279 	 ww
8 	 255 	 324 	 ww
8 	 255 	 327 	 ww
8 	 256 	 295 	 ww
8 	 256 	 305 	 ww
8 	 257 	 264 	 ww
8 	 257 	 291 	 ww
8 	 258 	 322 	 ww
8 	 259 	 288 	 ww
8 	 259 	 313 	 ww
8 	 260 	 324 	 ww
8 	 261 	 301 	 ww
8 	 261 	 319 	 ww
8 	 262 	 267 	 ww
8 	 266 	 294 	 ww
8 	 267 	 278 	 ww
8 	 267 	 307 	 ww
8 	 268 	 303 	 ww
8 	 269 	 287 	 ww
8 	 269 	 325 	 ww
8 	 270 	 283 	 ww
8 	 271 	 327 	 ww
8 	 271 	 329 	 ww
8 	 272 	 299 	 ww
8 	 273 	 303 	 ww
8 	 276 	 309 	 ww
8 	 279 	 298 	 ww
8 	 280 	 312 	 ww
8 	 280 	 323 	 ww
8 	 280 	 325 	 ww
8 	 281 	 310 	 ww
8 	 283 	 319 	 ww
8 	 284 	 303 	 ww
8 	 284 	 322 	 ww
8 	 286 	 326 	 ww
8 	 288 	 302 	 ww
8 	 289 	 296 	 ww
8 	 290 	 291 	 ww
8 	 291 	 330 	 ww
8 	 293 	 318 	 ww
8 	 294 	 331 	 wp
8 	 296 	 326 	 ww
8 	 298 	 324 	 ww
8 	 299 	 328 	 ww
8 	 300 	 301 	 ww
8 	 301 	 321 	 ww
8 	 302 	 309 	 ww
8 	 312 	 330 	 ww
8 	 314 	 321 	 ww
8 	 315 	 328 	 ww
9 	 221 	 228 	 ww
9 	 221 	 308 	 ww
9 	 222 	 308 	 ww
9 	 223 	 231 	 ww
9 	 223 	 283 	 ww
9 	 223 	 310 	 ww
9 	 224 	 235 	 ww
9 	 224 	 326 	 ww
9 	 226 	 238 	 ww
9 	 227 	 304 	 ww
9 	 227 	 308 	 ww
9 	 228 	 264 	 ww
9 	 228 	 290 	 ww
9 	 229 	 244 	 ww
9 	 229 	 300 	 ww
9 	 230 	 263 	 ww
9 	 230 	 282 	 ww
9 	 230 	 316 	 ww
9 	 231 	 232 	 ww
9 	 232 	 268 	 ww
9 	 233 	 315 	 ww
9 	 234 	 331 	 wp
9 	 235 	 237 	 ww
9 	 235 	 245 	 ww
9 	 235 	 298 	 ww
9 	 236 	 253 	 ww
9 	 238 	 325 	 ww
9 	 239 	 289 	 ww
9 	 240 	 302 	 ww
9 	 241 	 263 	 ww
9 	 242 	 267 	 ww
9 	 242 	 305 	 ww
9 	 244 	 257 	 ww
9 	 244 	 326 	 ww
9 	 245 	 287 	 ww
9 	 247 	 273 	 ww
9 	 247 	 304 	 ww
9 	 247 	 318 	 ww
9 	 248 	 251 	 ww
9 	 248 	 257 	 ww
9 	 248 	 287 	 ww
9 	 248 	 323 	 ww
9 	 249 	 286 	 ww
9 	 249 	 300 	 ww
9 	 250 	 325 	 ww
9 	 250 	 330 	 ww
9 	 251 	 279 	 ww
9 	 251 	 283 	 ww
9 	 252 	 256 	 ww
9 	 252 	 285 	 ww
9 	 254 	 264 	 ww
9 	 255 	 324 	 ww
9 	 255 	 327 	 ww
9 	 256 	 295 	 ww
9 	 256 	 305 	 ww
9 	 257 	 264 	 ww
9 	 257 	 291 	 ww
9 	 258 	 322 	 ww
9 	 259 	 288 	 ww
9 	 259 	 313 	 ww
9 	 260 	 324 	 ww
9 	 261 	 301 	 ww
9 	 261 	 319 	 ww
9 	 262 	 267 	 ww
9 	 266 	 294 	 ww
9 	 267 	 278 	 ww
9 	 267 	 307 	 ww
9 	 268 	 303 	 ww
9 	 268 	 311 	 ww
9 	 269 	 287 	 ww
9 	 269 	 325 	 ww
9 	 270 	 283 	 ww
9 	 271 	 327 	 ww
9 	 271 	 329 	 ww
9 	 272 	 299 	 ww
9 	 273 	 303 	 ww
9 	 276 	 309 	 ww
9 	 277 	 289 	 ww
9 	 279 	 298 	 ww
9 	 280 	 312 	 ww
9 	 280 	 323 	 ww
9 	 280 	 325 	 ww
9 	 281 	 310 	 ww
9 	 283 	 319 	 ww
9 	 284 	 303 	 ww
9 	 284 	 322 	 ww
9 	 286 	 326 	 ww
9 	 288 	 302 	 ww
9 	 289 	 296 	 ww
9 	 290 	 291 	 ww
9 	 293 	 318 	 ww
9 	 294 	 331 	 wp
9 	 296 	 326 	 ww
9 	 298 	 324 	 ww
9 	 299 	 328 	 ww
9 	 300 	 301 	 ww
9 	 301 	 321 	 ww
9 	 302 	 309 	 ww
9 	 312 	 330 	 ww
9 	 314 	 321 	 ww
9 	 315 	 328 	 ww
10 	 221 	 228 	 ww
10 	 221 	 308 	 ww
10 	 222 	 308 	 ww
10 	 223 	 231 	 ww
10 	 223 	 283 	 ww
10 	 223 	 310 	 ww
10 	 224 	 235 	 ww
10 	 224 	 326 	 ww
10 	 226 	 238 	 ww
10 	 227 	 304 	 ww
10 	 227 	 308 	 ww
10 	 228 	 264 	 ww
10 	 228 	 290 	 ww
10 	 229 	 244 	 ww
10 	 229 	 300 	 ww
10 	 230 	 263 	 ww
10 	 230 	 282 	 ww
10 	 230 	 316 	 ww
10 	 231 	 232 	 ww
10 	 232 	 246 	 ww
10 	 232 	 268 	 ww
10 	 233 	 315 	 ww
10 	 234 	 331 	 wp
10 	 235 	 245 	 ww
10 	 236 	 253 	 ww
10 	 238 	 325 	 ww
10 	 239 	 289 	 ww
10 	 240 	 302 	 ww
10 	 241 	 263 	 ww
10 	 242 	 267 	 ww
10 	 242 	 305 	 ww
10 	 245 	 287 	 ww
10 	 247 	 273 	 ww
10 	 247 	 304 	 ww
10 	 247 	 318 	 ww
10 	 248 	 251 	 ww
10 	 248 	 287 	 ww
10 	 248 	 314 	 ww
10 	 249 	 286 	 ww
10 	 249 	 300 	 ww
10 	 250 	 325 	 ww
10 	 250 	 330 	 ww
10 	 251 	 279 	 ww
10 	 251 	 283 	 ww
10 	 251 	 299 	 ww
10 	 252 	 256 	 ww
10 	 252 	 285 	 ww
10 	 254 	 264 	 ww
10 	 255 	 324 	 ww
10 	 255 	 327 	 ww
10 	 256 	 295 	 ww
10 	 256 	 305 	 ww
10 	 257 	 264 	 ww
10 	 257 	 291 	 ww
10 	 257 	 296 	 ww
10 	 258 	 276 	 ww
10 	 258 	 322 	 ww
10 	 259 	 288 	 ww
10 	 259 	 313 	 ww
10 	 260 	 324 	 ww
10 	 261 	 301 	 ww
10 	 261 	 319 	 ww
10 	 262 	 267 	 ww
10 	 266 	 294 	 ww
10 	 268 	 303 	 ww
10 	 268 	 311 	 ww
10 	 269 	 287 	 ww
10 	 269 	 325 	 ww
10 	 270 	 283 	 ww
10 	 270 	 294 	 ww
10 	 271 	 327 	 ww
10 	 271 	 329 	 ww
10 	 272 	 299 	 ww
10 	 273 	 303 	 ww
10 	 276 	 309 	 ww
10 	 277 	 289 	 ww
10 	 279 	 298 	 ww
10 	 280 	 312 	 ww
10 	 280 	 323 	 ww
10 	 280 	 325 	 ww
10 	 283 	 319 	 ww
10 	 284 	 303 	 ww
10 	 284 	 322 	 ww
10 	 286 	 326 	 ww
10 	 288 	 302 	 ww
10 	 289 	 296 	 ww
10 	 293 	 318 	 ww
10 	 294 	 331 	 wp
10 	 296 	 326 	 ww
10 	 298 	 324 	 ww
10 	 299 	 328 	 ww
10 	 300 	 301 	 ww
10 	 301 	 321 	 ww
10 	 302 	 309 	 ww
10 	 312 	 330 	 ww
10 	 314 	 321 	 ww
10 	 315 	 328 	 ww
11 	 221 	 233 	 ww
11 	 221 	 308 	 ww
11 	 222 	 308 	 ww
11 	 223 	 283 	 ww
11 	 223 	 310 	 ww
11 	 224 	 235 	 ww
11 	 224 	 326 	 ww
11 	 226 	 238 	 ww
11 	 227 	 304 	 ww
11 	 227 	 308 	 ww
11 	 228 	 250 	 ww
11 	 228 	 264 	 ww
11 	 228 	 290 	 ww
11 	 229 	 244 	 ww
11 	 229 	 300 	 ww
11 	 230 	 263 	 ww
11 	 230 	 282 	 ww
11 	 230 	 316 	 ww
11 	 231 	 232 	 ww
11 	 232 	 246 	 ww
11 	 232 	 268 	 ww
11 	 233 	 315 	 ww
11 	 234 	 331 	 wp
11 	 235 	 245 	 ww
11 	 236 	 253 	 ww
11 	 238 	 325 	 ww
11 	 241 	 263 	 ww
11 	 242 	 305 	 ww
11 	 244 	 326 	 ww
11 	 245 	 281 	 ww
11 	 245 	 287 	 ww
11 	 247 	 273 	 ww
11 	 247 	 304 	 ww
11 	 247 	 318 	 ww
11 	 248 	 251 	 ww
11 	 248 	 314 	 ww
11 	 249 	 286 	 ww
11 	 249 	 300 	 ww
11 	 250 	 325 	 ww
11 	 250 	 330 	 ww
11 	 251 	 279 	 ww
11 	 251 	 283 	 ww
11 	 251 	 299 	 ww
11 	 252 	 256 	 ww
11 	 252 	 285 	 ww
11 	 254 	 264 	 ww
11 	 255 	 324 	 ww
11 	 255 	 327 	 ww
11 	 256 	 305 	 ww
11 	 257 	 264 	 ww
11 	 257 	 291 	 ww
11 	 257 	 296 	 ww
11 	 258 	 276 	 ww
11 	 258 	 322 	 ww
11 	 259 	 288 	 ww
11 	 259 	 313 	 ww
11 	 260 	 324 	 ww
11 	 261 	 301 	 ww
11 	 261 	 319 	 ww
11 	 262 	 267 	 ww
11 	 266 	 294 	 ww
11 	 267 	 307 	 ww
11 	 268 	 303 	 ww
11 	 268 	 311 	 ww
11 	 269 	 287 	 ww
11 	 269 	 325 	 ww
11 	 270 	 283 	 ww
11 	 270 	 294 	 ww
11 	 271 	 327 	 ww
11 	 271 	 329 	 ww
11 	 272 	 299 	 ww
11 	 273 	 303 	 ww
11 	 273 	 308 	 ww
11 	 276 	 309 	 ww
11 	 277 	 289 	 ww
11 	 277 	 322 	 ww
11 	 279 	 298 	 ww
11 	 280 	 312 	 ww
11 	 280 	 323 	 ww
11 	 280 	 325 	 ww
11 	 283 	 319 	 ww
11 	 284 	 303 	 ww
11 	 284 	 322 	 ww
11 	 286 	 326 	 ww
11 	 288 	 302 	 ww
11 	 289 	 296 	 ww
11 	 293 	 318 	 ww
11 	 294 	 331 	 wp
11 	 296 	 326 	 ww
11 	 298 	 324 	 ww
11 	 299 	 328 	 ww
11 	 300 	 301 	 ww
11 	 301 	 321 	 ww
11 	 302 	 309 	 ww
11 	 302 	 312 	 ww
11 	 312 	 330 	 ww
11 	 314 	 321 	 ww
12 	 221 	 308 	 ww
12 	 222 	 226 	 ww
12 	 222 	 308 	 ww
12 	 223 	 274 	 ww
12 	 223 	 283 	 ww
12 	 223 	 310 	 ww
12 	 224 	 235 	 ww
12 	 224 	 326 	 ww
12 	 226 	 238 	 ww
12 	 227 	 304 	 ww
12 	 227 	 308 	 ww
12 	 228 	 250 	 ww
12 	 228 	 264 	 ww
12 	 228 	 290 	 ww
12 	 229 	 244 	 ww
12 	 229 	 300 	 ww
12 	 230 	 263 	 ww
12 	 230 	 282 	 ww
12 	 230 	 316 	 ww
12 	 231 	 232 	 ww
12 	 232 	 268 	 ww
12 	 233 	 236 	 ww
12 	 233 	 315 	 ww
12 	 234 	 329 	 ww
12 	 234 	 331 	 wp
12 	 235 	 237 	 ww
12 	 235 	 245 	 ww
12 	 236 	 253 	 ww
12 	 238 	 325 	 ww
12 	 240 	 302 	 ww
12 	 241 	 263 	 ww
12 	 242 	 305 	 ww
12 	 244 	 326 	 ww
12 	 245 	 287 	 ww
12 	 247 	 273 	 ww
12 	 247 	 304 	 ww
12 	 247 	 318 	 ww
12 	 248 	 251 	 ww
12 	 248 	 314 	 ww
12 	 249 	 286 	 ww
12 	 249 	 300 	 ww
12 	 250 	 325 	 ww
12 	 250 	 330 	 ww
12 	 251 	 279 	 ww
12 	 251 	 283 	 ww
12 	 252 	 256 	 ww
12 	 252 	 285 	 ww
12 	 253 	 320 	 ww
12 	 254 	 264 	 ww
12 	 255 	 324 	 ww
12 	 255 	 327 	 ww
12 	 256 	 305 	 ww
12 	 257 	 264 	 ww
12 	 257 	 291 	 ww
12 	 257 	 296 	 ww
12 	 258 	 276 	 ww
12 	 258 	 322 	 ww
12 	 259 	 288 	 ww
12 	 259 	 313 	 ww
12 	 260 	 324 	 ww
12 	 261 	 301 	 ww
12 	 262 	 267 	 ww
12 	 266 	 294 	 ww
12 	 267 	 307 	 ww
12 	 268 	 303 	 ww
12 	 268 	 311 	 ww
12 	 269 	 287 	 ww
12 	 269 	 325 	 ww
12 	 270 	 283 	 ww
12 	 270 	 294 	 ww
12 	 271 	 272 	 ww
12 	 271 	 327 	 ww
12 	 272 	 299 	 ww
12 	 273 	 303 	 ww
12 	 273 	 308 	 ww
12 	 277 	 289 	 ww
12 	 277 	 322 	 ww
12 	 279 	 298 	 ww
12 	 280 	 312 	 ww
12 	 280 	 323 	 ww
12 	 280 	 325 	 ww
12 	 283 	 319 	 ww
12 	 284 	 303 	 ww
12 	 284 	 316 	 ww
12 	 284 	 322 	 ww
12 	 286 	 326 	 ww
12 	 288 	 302 	 ww
12 	 289 	 296 	 ww
12 	 294 	 331 	 wp
12 	 296 	 326 	 ww
12 	 298 	 324 	 ww
12 	 299 	 328 	 ww
12 	 301 	 321 	 ww
12 	 302 	 309 	 ww
12 	 302 	 312 	 ww
12 	 312 	 330 	 ww
12 	 314 	 321 	 ww
13 	 221 	 308 	 ww
13 	 222 	 226 	 ww
13 	 222 	 308 	 ww
13 	 223 	 231 	 ww
13 	 223 	 283 	 ww
13 	 223 	 310 	 ww
13 	 224 	 235 	 ww
13 	 224 	 326 	 ww
13 	 226 	 238 	 ww
13 	 227 	 304 	 ww
13 	 227 	 308 	 ww
13 	 228 	 264 	 ww
13 	 228 	 290 	 ww
13 	 229 	 244 	 ww
13 	 229 	 289 	 ww
13 	 229 	 300 	 ww
13 	 230 	 263 	 ww
13 	 230 	 282 	 ww
13 	 230 	 316 	 ww
13 	 231 	 232 	 ww
13 	 232 	 268 	 ww
13 	 233 	 236 	 ww
13 	 233 	 315 	 ww
13 	 234 	 266 	 ww
13 	 234 	 329 	 ww
13 	 234 	 331 	 wp
13 	 235 	 237 	 ww
13 	 235 	 245 	 ww
13 	 236 	 253 	 ww
13 	 238 	 325 	 ww
13 	 240 	 302 	 ww
13 	 241 	 263 	 ww
13 	 242 	 267 	 ww
13 	 242 	 305 	 ww
13 	 244 	 257 	 ww
13 	 244 	 326 	 ww
13 	 245 	 287 	 ww
13 	 247 	 273 	 ww
13 	 247 	 304 	 ww
13 	 247 	 318 	 ww
13 	 248 	 251 	 ww
13 	 248 	 257 	 ww
13 	 248 	 314 	 ww
13 	 249 	 286 	 ww
13 	 249 	 300 	 ww
13 	 250 	 325 	 ww
13 	 250 	 330 	 ww
13 	 251 	 279 	 ww
13 	 251 	 283 	 ww
13 	 252 	 256 	 ww
13 	 252 	 285 	 ww
13 	 254 	 264 	 ww
13 	 255 	 327 	 ww
13 	 256 	 295 	 ww
13 	 256 	 305 	 ww
13 	 257 	 264 	 ww
13 	 257 	 291 	 ww
13 	 258 	 276 	 ww
13 	 258 	 322 	 ww
13 	 259 	 288 	 ww
13 	 259 	 313 	 ww
13 	 260 	 324 	 ww
13 	 261 	 301 	 ww
13 	 262 	 267 	 ww
13 	 266 	 294 	 ww
13 	 267 	 307 	 ww
13 	 268 	 303 	 ww
13 	 268 	 311 	 ww
13 	 269 	 287 	 ww
13 	 269 	 325 	 ww
13 	 270 	 283 	 ww
13 	 270 	 294 	 ww
13 	 271 	 272 	 ww
13 	 271 	 327 	 ww
13 	 272 	 299 	 ww
13 	 273 	 303 	 ww
13 	 273 	 308 	 ww
13 	 277 	 289 	 ww
13 	 277 	 291 	 ww
13 	 277 	 322 	 ww
13 	 279 	 298 	 ww
13 	 280 	 312 	 ww
13 	 280 	 323 	 ww
13 	 280 	 325 	 ww
13 	 283 	 319 	 ww
13 	 284 	 303 	 ww
13 	 284 	 316 	 ww
13 	 284 	 322 	 ww
13 	 286 	 326 	 ww
13 	 288 	 302 	 ww
13 	 289 	 296 	 ww
13 	 294 	 331 	 wp
13 	 296 	 326 	 ww
13 	 298 	 324 	 ww
13 	 299 	 328 	 ww
13 	 301 	 321 	 ww
13 	 302 	 309 	 ww
13 	 302 	 312 	 ww
13 	 314 	 321 	 ww
14 	 221 	 308 	 ww
14 	 222 	 226 	 ww
14 	 222 	 308 	 ww
14 	 223 	 231 	 ww
14 	 223 	 283 	 ww
14 	 223 	 310 	 ww
14 	 224 	 235 	 ww
14 	 224 	 326 	 ww
14 	 226 	 238 	 ww
14 	 226 	 323 	 ww
14 	 228 	 264 	 ww
14 	 228 	 290 	 ww
14 	 229 	 244 	 ww
14 	 229 	 289 	 ww
14 	 229 	 300 	 ww
14 	 230 	 263 	 ww
14 	 230 	 282 	 ww
14 	 230 	 316 	 ww
14 	 231 	 232 	 ww
14 	 232 	 268 	 ww
14 	 233 	 236 	 ww
14 	 233 	 315 	 ww
14 	 234 	 266 	 ww
14 	 234 	 329 	 ww
14 	 234 	 331 	 wp
14 	 235 	 237 	 ww
14 	 235 	 245 	 ww
14 	 236 	 253 	 ww
14 	 238 	 325 	 ww
14 	 240 	 320 	 ww
14 	 241 	 263 	 ww
14 	 242 	 267 	 ww
14 	 242 	 305 	 ww
14 	 244 	 257 	 ww
14 	 244 	 326 	 ww
14 	 245 	 287 	 ww
14 	 247 	 304 	 ww
14 	 247 	 318 	 ww
14 	 248 	 251 	 ww
14 	 248 	 257 	 ww
14 	 248 	 314 	 ww
14 	 249 	 286 	 ww
14 	 249 	 300 	 ww
14 	 250 	 330 	 ww
14 	 251 	 283 	 ww
14 	 252 	 256 	 ww
14 	 252 	 285 	 ww
14 	 254 	 264 	 ww
14 	 255 	 327 	 ww
14 	 256 	 295 	 ww
14 	 256 	 305 	 ww
14 	 257 	 264 	 ww
14 	 257 	 291 	 ww
14 	 258 	 276 	 ww
14 	 258 	 322 	 ww
14 	 259 	 288 	 ww
14 	 259 	 313 	 ww
14 	 260 	 324 	 ww
14 	 262 	 267 	 ww
14 	 266 	 294 	 ww
14 	 266 	 328 	 ww
14 	 267 	 307 	 ww
14 	 268 	 303 	 ww
14 	 269 	 287 	 ww
14 	 269 	 325 	 ww
14 	 270 	 283 	 ww
14 	 270 	 294 	 ww
14 	 271 	 327 	 ww
14 	 272 	 299 	 ww
14 	 273 	 303 	 ww
14 	 273 	 308 	 ww
14 	 277 	 289 	 ww
14 	 277 	 291 	 ww
14 	 277 	 322 	 ww
14 	 279 	 298 	 ww
14 	 280 	 323 	 ww
14 	 280 	 325 	 ww
14 	 282 	 313 	 ww
14 	 283 	 319 	 ww
14 	 284 	 303 	 ww
14 	 284 	 316 	 ww
14 	 284 	 322 	 ww
14 	 285 	 293 	 ww
14 	 286 	 298 	 ww
14 	 286 	 326 	 ww
14 	 287 	 323 	 ww
14 	 288 	 302 	 ww
14 	 289 	 296 	 ww
14 	 290 	 291 	 ww
14 	 294 	 331 	 wp
14 	 296 	 326 	 ww
14 	 298 	 324 	 ww
14 	 299 	 328 	 ww
14 	 301 	 321 	 ww
14 	 302 	 309 	 ww
14 	 302 	 312 	 ww
14 	 311 	 318 	 ww
14 	 312 	 330 	 ww
14 	 314 	 321 	 ww
15 	 221 	 308 	 ww
15 	 222 	 226 	 ww
15 	 222 	 308 	 ww
15 	 223 	 231 	 ww
15 	 223 	 283 	 ww
15 	 223 	 310 	 ww
15 	 224 	 235 	 ww
15 	 224 	 298 	 ww
15 	 224 	 326 	 ww
15 	 226 	 238 	 ww
15 	 226 	 323 	 ww
15 	 227 	 228 	 ww
15 	 228 	 264 	 ww
15 	 228 	 290 	 ww
15 	 229 	 244 	 ww
15 	 229 	 289 	 ww
15 	 229 	 300 	 ww
15 	 230 	 263 	 ww
15 	 230 	 282 	 ww
15 	 230 	 316 	 ww
15 	 231 	 232 	 ww
15 	 232 	 268 	 ww
15 	 233 	 236 	 ww
15 	 233 	 315 	 ww
15 	 234 	 266 	 ww
15 	 234 	 329 	 ww
15 	 234 	 331 	 wp
15 	 235 	 237 	 ww
15 	 235 	 245 	 ww
15 	 236 	 253 	 ww
15 	 238 	 325 	 ww
15 	 240 	 320 	 ww
15 	 241 	 263 	 ww
15 	 242 	 267 	 ww
15 	 242 	 305 	 ww
15 	 243 	 256 	 ww
15 	 243 	 259 	 ww
15 	 244 	 257 	 ww
15 	 244 	 326 	 ww
15 	 245 	 287 	 ww
15 	 246 	 283 	 ww
15 	 247 	 304 	 ww
15 	 247 	 318 	 ww
15 	 248 	 251 	 ww
15 	 248 	 257 	 ww
15 	 248 	 314 	 ww
15 	 249 	 300 	 ww
15 	 250 	 330 	 ww
15 	 252 	 256 	 ww
15 	 252 	 285 	 ww
15 	 255 	 327 	 ww
15 	 256 	 295 	 ww
15 	 256 	 305 	 ww
15 	 257 	 264 	 ww
15 	 257 	 291 	 ww
15 	 258 	 276 	 ww
15 	 258 	 322 	 ww
15 	 259 	 288 	 ww
15 	 259 	 313 	 ww
15 	 260 	 324 	 ww
15 	 262 	 267 	 ww
15 	 266 	 294 	 ww
15 	 266 	 328 	 ww
15 	 267 	 307 	 ww
15 	 268 	 303 	 ww
15 	 269 	 287 	 ww
15 	 269 	 325 	 ww
15 	 270 	 283 	 ww
15 	 270 	 294 	 ww
15 	 271 	 327 	 ww
15 	 272 	 299 	 ww
15 	 273 	 303 	 ww
15 	 273 	 308 	 ww
15 	 277 	 289 	 ww
15 	 277 	 291 	 ww
15 	 277 	 322 	 ww
15 	 279 	 298 	 ww
15 	 280 	 323 	 ww
15 	 280 	 325 	 ww
15 	 281 	 310 	 ww
15 	 282 	 313 	 ww
15 	 283 	 319 	 ww
15 	 284 	 303 	 ww
15 	 284 	 322 	 ww
15 	 285 	 293 	 ww
15 	 286 	 298 	 ww
15 	 286 	 326 	 ww
15 	 287 	 323 	 ww
15 	 288 	 302 	 ww
15 	 289 	 296 	 ww
15 	 293 	 318 	 ww
15 	 294 	 331 	 wp
15 	 296 	 326 	 ww
15 	 298 	 324 	 ww
15 	 299 	 328 	 ww
15 	 301 	 321 	 ww
15 	 302 	 309 	 ww
15 	 302 	 312 	 ww
15 	 303 	 315 	 ww
15 	 311 	 318 	 ww
15 	 312 	 330 	 ww
15 	 314 	 321 	 ww
16 	 221 	 308 	 ww
16 	 222 	 226 	 ww
16 	 222 	 292 	 ww
16 	 223 	 231 	 ww
16 	 223 	 283 	 ww
16 	 223 	 310 	 ww
16 	 224 	 235 	 ww
16 	 224 	 298 	 ww
16 	 226 	 238 	 ww
16 	 226 	 323 	 ww
16 	 227 	 228 	 ww
16 	 227 	 308 	 ww
16 	 228 	 264 	 ww
16 	 228 	 290 	 ww
16 	 229 	 244 	 ww
16 	 229 	 289 	 ww
16 	 229 	 300 	 ww
16 	 230 	 263 	 ww
16 	 230 	 282 	 ww
16 	 230 	 316 	 ww
16 	 231 	 232 	 ww
16 	 232 	 268 	 ww
16 	 233 	 236 	 ww
16 	 233 	 315 	 ww
16 	 234 	 253 	 ww
16 	 234 	 266 	 ww
16 	 234 	 329 	 ww
16 	 234 	 331 	 wp
16 	 235 	 237 	 ww
16 	 236 	 253 	 ww
16 	 238 	 325 	 ww
16 	 239 	 276 	 ww
16 	 240 	 302 	 ww
16 	 240 	 320 	 ww
16 	 241 	 263 	 ww
16 	 242 	 267 	 ww
16 	 242 	 305 	 ww
16 	 243 	 256 	 ww
16 	 243 	 259 	 ww
16 	 244 	 257 	 ww
16 	 244 	 326 	 ww
16 	 245 	 287 	 ww
16 	 246 	 283 	 ww
16 	 247 	 304 	 ww
16 	 247 	 318 	 ww
16 	 248 	 251 	 ww
16 	 248 	 257 	 ww
16 	 248 	 314 	 ww
16 	 249 	 300 	 ww
16 	 250 	 330 	 ww
16 	 252 	 256 	 ww
16 	 252 	 275 	 ww
16 	 252 	 285 	 ww
16 	 255 	 327 	 ww
16 	 256 	 295 	 ww
16 	 256 	 305 	 ww
16 	 257 	 264 	 ww
16 	 257 	 291 	 ww
16 	 258 	 322 	 ww
16 	 259 	 288 	 ww
16 	 259 	 313 	 ww
16 	 260 	 324 	 ww
16 	 262 	 267 	 ww
16 	 266 	 294 	 ww
16 	 266 	 328 	 ww
16 	 267 	 307 	 ww
16 	 268 	 303 	 ww
16 	 269 	 287 	 ww
16 	 269 	 325 	 ww
16 	 270 	 283 	 ww
16 	 271 	 327 	 ww
16 	 272 	 299 	 ww
16 	 273 	 303 	 ww
16 	 273 	 308 	 ww
16 	 277 	 291 	 ww
16 	 277 	 322 	 ww
16 	 279 	 298 	 ww
16 	 280 	 323 	 ww
16 	 280 	 325 	 ww
16 	 281 	 310 	 ww
16 	 282 	 313 	 ww
16 	 283 	 319 	 ww
16 	 284 	 303 	 ww
16 	 284 	 322 	 ww
16 	 285 	 293 	 ww
16 	 286 	 298 	 ww
16 	 286 	 326 	 ww
16 	 287 	 323 	 ww
16 	 288 	 302 	 ww
16 	 289 	 296 	 ww
16 	 293 	 318 	 ww
16 	 294 	 331 	 wp
16 	 296 	 326 	 ww
16 	 298 	 324 	 ww
16 	 299 	 328 	 ww
16 	 301 	 321 	 ww
16 	 302 	 312 	 ww
16 	 303 	 315 	 ww
16 	 311 	 318 	 ww
16 	 312 	 330 	 ww
16 	 314 	 321 	 ww
17 	 221 	 308 	 ww
17 	 222 	 226 	 ww
17 	 222 	 292 	 ww
17 	 223 	 231 	 ww
17 	 223 	 283 	 ww
17 	 223 	 310 	 ww
17 	 224 	 235 	 ww
17 	 224 	 298 	 ww
17 	 226 	 238 	 ww
17 	 226 	 323 	 ww
17 	 227 	 228 	 ww
17 	 227 	 308 	 ww
17 	 228 	 264 	 ww
17 	 228 	 290 	 ww
17 	 229 	 244 	 ww
17 	 229 	 289 	 ww
17 	 229 	 300 	 ww
17 	 230 	 263 	 ww
17 	 230 	 282 	 ww
17 	 230 	 316 	 ww
17 	 231 	 232 	 ww
17 	 232 	 268 	 ww
17 	 233 	 236 	 ww
17 	 233 	 315 	 ww
17 	 234 	 253 	 ww
17 	 234 	 266 	 ww
17 	 234 	 329 	 ww
17 	 234 	 331 	 wp
17 	 235 	 237 	 ww
17 	 235 	 254 	 ww
17 	 236 	 253 	 ww
17 	 238 	 325 	 ww
17 	 239 	 276 	 ww
17 	 240 	 302 	 ww
17 	 240 	 320 	 ww
17 	 241 	 263 	 ww
17 	 242 	 265 	 ww
17 	 242 	 267 	 ww
17 	 242 	 305 	 ww
17 	 243 	 256 	 ww
17 	 243 	 259 	 ww
17 	 243 	 275 	 ww
17 	 244 	 257 	 ww
17 	 244 	 326 	 ww
17 	 245 	 287 	 ww
17 	 246 	 283 	 ww
17 	 247 	 304 	 ww
17 	 247 	 318 	 ww
17 	 248 	 251 	 ww
17 	 248 	 257 	 ww
17 	 249 	 300 	 ww
17 	 249 	 327 	 ww
17 	 250 	 330 	 ww
17 	 252 	 256 	 ww
17 	 252 	 275 	 ww
17 	 252 	 285 	 ww
17 	 255 	 305 	 ww
17 	 255 	 327 	 ww
17 	 256 	 295 	 ww
17 	 256 	 305 	 ww
17 	 257 	 264 	 ww
17 	 259 	 288 	 ww
17 	 259 	 313 	 ww
17 	 260 	 324 	 ww
17 	 266 	 294 	 ww
17 	 267 	 307 	 ww
17 	 268 	 303 	 ww
17 	 269 	 287 	 ww
17 	 269 	 325 	 ww
17 	 270 	 283 	 ww
17 	 271 	 272 	 ww
17 	 271 	 327 	 ww
17 	 272 	 299 	 ww
17 	 273 	 308 	 ww
17 	 277 	 291 	 ww
17 	 277 	 322 	 ww
17 	 280 	 323 	 ww
17 	 280 	 325 	 ww
17 	 281 	 310 	 ww
17 	 282 	 313 	 ww
17 	 283 	 319 	 ww
17 	 284 	 303 	 ww
17 	 284 	 322 	 ww
17 	 285 	 293 	 ww
17 	 286 	 298 	 ww
17 	 286 	 326 	 ww
17 	 288 	 302 	 ww
17 	 289 	 296 	 ww
17 	 293 	 318 	 ww
17 	 294 	 331 	 wp
17 	 296 	 326 	 ww
17 	 298 	 324 	 ww
17 	 299 	 328 	 ww
17 	 301 	 321 	 ww
17 	 302 	 312 	 ww
17 	 303 	 315 	 ww
17 	 311 	 316 	 ww
17 	 311 	 318 	 ww
17 	 312 	 330 	 ww
17 	 314 	 321 	 ww
17 	 322 	 328 	 ww
18 	 221 	 308 	 ww
18 	 222 	 226 	 ww
18 	 222 	 292 	 ww
18 	 223 	 231 	 ww
18 	 223 	 283 	 ww
18 	 223 	 310 	 ww
18 	 224 	 235 	 ww
18 	 224 	 298 	 ww
18 	 226 	 238 	 ww
18 	 227 	 228 	 ww
18 	 227 	 308 	 ww
18 	 228 	 264 	 ww
18 	 228 	 290 	 ww
18 	 229 	 244 	 ww
18 	 229 	 289 	 ww
18 	 229 	 300 	 ww
18 	 230 	 263 	 ww
18 	 230 	 282 	 ww
18 	 230 	 316 	 ww
18 	 231 	 232 	 ww
18 	 232 	 268 	 ww
18 	 233 	 236 	 ww
18 	 233 	 315 	 ww
18 	 234 	 253 	 ww
18 	 234 	 266 	 ww
18 	 234 	 329 	 ww
18 	 234 	 331 	 wp
18 	 235 	 237 	 ww
18 	 235 	 245 	 ww
18 	 236 	 253 	 ww
18 	 238 	 325 	 ww
18 	 239 	 276 	 ww
18 	 240 	 302 	 ww
18 	 240 	 320 	 ww
18 	 241 	 263 	 ww
18 	 242 	 265 	 ww
18 	 242 	 267 	 ww
18 	 242 	 305 	 ww
18 	 243 	 256 	 ww
18 	 243 	 259 	 ww
18 	 243 	 275 	 ww
18 	 244 	 257 	 ww
18 	 244 	 326 	 ww
18 	 245 	 287 	 ww
18 	 246 	 269 	 ww
18 	 246 	 283 	 ww
18 	 247 	 304 	 ww
18 	 247 	 318 	 ww
18 	 248 	 251 	 ww
18 	 248 	 257 	 ww
18 	 249 	 300 	 ww
18 	 249 	 327 	 ww
18 	 250 	 330 	 ww
18 	 252 	 256 	 ww
18 	 252 	 275 	 ww
18 	 252 	 285 	 ww
18 	 254 	 279 	 ww
18 	 255 	 305 	 ww
18 	 255 	 327 	 ww
18 	 256 	 295 	 ww
18 	 256 	 305 	 ww
18 	 259 	 288 	 ww
18 	 259 	 313 	 ww
18 	 260 	 324 	 ww
18 	 262 	 267 	 ww
18 	 263 	 317 	 ww
18 	 266 	 294 	 ww
18 	 267 	 307 	 ww
18 	 268 	 303 	 ww
18 	 269 	 287 	 ww
18 	 269 	 306 	 ww
18 	 269 	 325 	 ww
18 	 270 	 283 	 ww
18 	 270 	 328 	 ww
18 	 271 	 272 	 ww
18 	 271 	 327 	 ww
18 	 272 	 299 	 ww
18 	 273 	 308 	 ww
18 	 276 	 309 	 ww
18 	 277 	 291 	 ww
18 	 277 	 322 	 ww
18 	 280 	 323 	 ww
18 	 280 	 325 	 ww
18 	 281 	 310 	 ww
18 	 282 	 313 	 ww
18 	 284 	 303 	 ww
18 	 284 	 322 	 ww
18 	 285 	 293 	 ww
18 	 286 	 298 	 ww
18 	 286 	 326 	 ww
18 	 288 	 302 	 ww
18 	 289 	 296 	 ww
18 	 293 	 318 	 ww
18 	 294 	 331 	 wp
18 	 296 	 326 	 ww
18 	 298 	 324 	 ww
18 	 299 	 328 	 ww
18 	 301 	 304 	 ww
18 	 301 	 321 	 ww
18 	 302 	 319 	 ww
18 	 303 	 315 	 ww
18 	 311 	 316 	 ww
18 	 311 	 318 	 ww
18 	 312 	 330 	 ww
18 	 314 	 321 	 ww
18 	 322 	 328 	 ww
19 	 221 	 233 	 ww
19 	 221 	 308 	 ww
19 	 222 	 226 	 ww
19 	 222 	 292 	 ww
19 	 223 	 231 	 ww
19 	 223 	 283 	 ww
19 	 223 	 310 	 ww
19 	 224 	 235 	 ww
19 	 224 	 298 	 ww
19 	 226 	 238 	 ww
19 	 227 	 228 	 ww
19 	 227 	 308 	 ww
19 	 228 	 264 	 ww
19 	 228 	 290 	 ww
19 	 229 	 244 	 ww
19 	 229 	 289 	 ww
19 	 229 	 300 	 ww
19 	 230 	 263 	 ww
19 	 230 	 282 	 ww
19 	 230 	 316 	 ww
19 	 231 	 232 	 ww
19 	 233 	 236 	 ww
19 	 233 	 315 	 ww
19 	 234 	 253 	 ww
19 	 234 	 329 	 ww
19 	 234 	 331 	 wp
19 	 235 	 237 	 ww
19 	 235 	 245 	 ww
19 	 235 	 254 	 ww
19 	 236 	 253 	 ww
19 	 238 	 306 	 ww
19 	 238 	 325 	 ww
19 	 239 	 276 	 ww
19 	 240 	 302 	 ww
19 	 240 	 320 	 ww
19 	 242 	 265 	 ww
19 	 242 	 267 	 ww
19 	 242 	 305 	 ww
19 	 243 	 256 	 ww
19 	 243 	 275 	 ww
19 	 244 	 257 	 ww
19 	 244 	 326 	 ww
19 	 245 	 287 	 ww
19 	 246 	 269 	 ww
19 	 246 	 283 	 ww
19 	 246 	 319 	 ww
19 	 247 	 304 	 ww
19 	 247 	 318 	 ww
19 	 248 	 251 	 ww
19 	 248 	 257 	 ww
19 	 249 	 300 	 ww
19 	 249 	 327 	 ww
19 	 250 	 325 	 ww
19 	 250 	 330 	 ww
19 	 251 	 279 	 ww
19 	 252 	 275 	 ww
19 	 252 	 285 	 ww
19 	 254 	 279 	 ww
19 	 255 	 305 	 ww
19 	 255 	 327 	 ww
19 	 256 	 295 	 ww
19 	 256 	 305 	 ww
19 	 258 	 276 	 ww
19 	 259 	 288 	 ww
19 	 259 	 313 	 ww
19 	 260 	 324 	 ww
19 	 262 	 267 	 ww
19 	 263 	 317 	 ww
19 	 266 	 294 	 ww
19 	 267 	 307 	 ww
19 	 269 	 287 	 ww
19 	 269 	 306 	 ww
19 	 269 	 325 	 ww
19 	 270 	 283 	 ww
19 	 270 	 294 	 ww
19 	 270 	 328 	 ww
19 	 271 	 272 	 ww
19 	 271 	 327 	 ww
19 	 272 	 299 	 ww
19 	 272 	 330 	 ww
19 	 273 	 303 	 ww
19 	 273 	 308 	 ww
19 	 276 	 309 	 ww
19 	 277 	 291 	 ww
19 	 277 	 322 	 ww
19 	 280 	 323 	 ww
19 	 280 	 325 	 ww
19 	 281 	 310 	 ww
19 	 281 	 314 	 ww
19 	 282 	 313 	 ww
19 	 284 	 303 	 ww
19 	 284 	 322 	 ww
19 	 285 	 293 	 ww
19 	 286 	 298 	 ww
19 	 286 	 326 	 ww
19 	 288 	 302 	 ww
19 	 289 	 296 	 ww
19 	 293 	 318 	 ww
19 	 294 	 331 	 wp
19 	 296 	 326 	 ww
19 	 298 	 324 	 ww
19 	 299 	 328 	 ww
19 	 301 	 304 	 ww
19 	 301 	 321 	 ww
19 	 303 	 315 	 ww
19 	 311 	 316 	 ww
19 	 312 	 330 	 ww
19 	 314 	 321 	 ww
19 	 321 	 323 	 ww
19 	 322 	 328 	 ww
20 	 221 	 233 	 ww
20 	 221 	 238 	 ww
20 	 221 	 308 	 ww
20 	 222 	 226 	 ww
20 	 222 	 292 	 ww
20 	 223 	 231 	 ww
20 	 223 	 283 	 ww
20 	 223 	 310 	 ww
20 	 224 	 235 	 ww
20 	 224 	 298 	 ww
20 	 226 	 238 	 ww
20 	 227 	 228 	 ww
20 	 227 	 308 	 ww
20 	 228 	 264 	 ww
20 	 228 	 290 	 ww
20 	 229 	 244 	 ww
20 	 229 	 289 	 ww
20 	 229 	 300 	 ww
20 	 230 	 263 	 ww
20 	 230 	 282 	 ww
20 	 230 	 316 	 ww
20 	 231 	 232 	 ww
20 	 233 	 315 	 ww
20 	 234 	 253 	 ww
20 	 234 	 329 	 ww
20 	 234 	 331 	 wp
20 	 235 	 237 	 ww
20 	 235 	 245 	 ww
20 	 235 	 254 	 ww
20 	 236 	 253 	 ww
20 	 237 	 264 	 ww
20 	 238 	 306 	 ww
20 	 238 	 325 	 ww
20 	 239 	 276 	 ww
20 	 240 	 302 	 ww
20 	 240 	 320 	 ww
20 	 242 	 265 	 ww
20 	 242 	 267 	 ww
20 	 242 	 305 	 ww
20 	 243 	 256 	 ww
20 	 243 	 275 	 ww
20 	 244 	 257 	 ww
20 	 244 	 326 	 ww
20 	 245 	 287 	 ww
20 	 246 	 269 	 ww
20 	 246 	 283 	 ww
20 	 247 	 318 	 ww
20 	 248 	 251 	 ww
20 	 248 	 257 	 ww
20 	 249 	 300 	 ww
20 	 249 	 327 	 ww
20 	 250 	 325 	 ww
20 	 250 	 330 	 ww
20 	 251 	 279 	 ww
20 	 252 	 275 	 ww
20 	 252 	 285 	 ww
20 	 254 	 279 	 ww
20 	 255 	 305 	 ww
20 	 255 	 327 	 ww
20 	 256 	 295 	 ww
20 	 256 	 305 	 ww
20 	 258 	 276 	 ww
20 	 259 	 288 	 ww
20 	 259 	 313 	 ww
20 	 262 	 267 	 ww
20 	 266 	 294 	 ww
20 	 267 	 307 	 ww
20 	 269 	 287 	 ww
20 	 269 	 306 	 ww
20 	 269 	 325 	 ww
20 	 270 	 283 	 ww
20 	 270 	 294 	 ww
20 	 270 	 328 	 ww
20 	 271 	 272 	 ww
20 	 271 	 327 	 ww
20 	 272 	 299 	 ww
20 	 272 	 330 	 ww
20 	 273 	 303 	 ww
20 	 273 	 308 	 ww
20 	 277 	 322 	 ww
20 	 280 	 323 	 ww
20 	 280 	 325 	 ww
20 	 281 	 310 	 ww
20 	 281 	 314 	 ww
20 	 282 	 313 	 ww
20 	 284 	 303 	 ww
20 	 285 	 293 	 ww
20 	 288 	 302 	 ww
20 	 289 	 296 	 ww
20 	 293 	 318 	 ww
20 	 294 	 331 	 wp
20 	 296 	 326 	 ww
20 	 298 	 324 	 ww
20 	 299 	 328 	 ww
20 	 301 	 304 	 ww
20 	 301 	 321 	 ww
20 	 302 	 319 	 ww
20 	 303 	 315 	 ww
20 	 311 	 316 	 ww
20 	 312 	 330 	 ww
20 	 314 	 321 	 ww
20 	 321 	 323 	 ww
20 	 322 	 328 	 ww
21 	 221 	 233 	 ww
21 	 221 	 238 	 ww
21 	 221 	 308 	 ww
21 	 222 	 226 	 ww
21 	 222 	 292 	 ww
21 	 223 	 231 	 ww
21 	 223 	 283 	 ww
21 	 224 	 235 	 ww
21 	 224 	 298 	 ww
21 	 226 	 238 	 ww
21 	 227 	 228 	 ww
21 	 227 	 308 	 ww
21 	 228 	 264 	 ww
21 	 229 	 244 	 ww
21 	 229 	 289 	 ww
21 	 229 	 300 	 ww
21 	 230 	 263 	 ww
21 	 230 	 282 	 ww
21 	 230 	 316 	 ww
21 	 231 	 232 	 ww
21 	 233 	 315 	 ww
21 	 234 	 253 	 ww
21 	 234 	 266 	 ww
21 	 234 	 329 	 ww
21 	 234 	 331 	 wp
21 	 235 	 237 	 ww
21 	 235 	 245 	 ww
21 	 235 	 254 	 ww
21 	 237 	 264 	 ww
21 	 238 	 306 	 ww
21 	 238 	 325 	 ww
21 	 239 	 276 	 ww
21 	 240 	 302 	 ww
21 	 240 	 320 	 ww
21 	 241 	 300 	 ww
21 	 242 	 265 	 ww
21 	 242 	 267 	 ww
21 	 242 	 305 	 ww
21 	 243 	 256 	 ww
21 	 243 	 261 	 ww
21 	 243 	 275 	 ww
21 	 244 	 257 	 ww
21 	 245 	 287 	 ww
21 	 246 	 269 	 ww
21 	 247 	 304 	 ww
21 	 247 	 318 	 ww
21 	 248 	 251 	 ww
21 	 248 	 257 	 ww
21 	 249 	 300 	 ww
21 	 250 	 325 	 ww
21 	 250 	 330 	 ww
21 	 251 	 279 	 ww
21 	 251 	 283 	 ww
21 	 252 	 256 	 ww
21 	 252 	 275 	 ww
21 	 252 	 285 	 ww
21 	 254 	 279 	 ww
21 	 255 	 305 	 ww
21 	 255 	 327 	 ww
21 	 256 	 295 	 ww
21 	 256 	 305 	 ww
21 	 258 	 276 	 ww
21 	 259 	 288 	 ww
21 	 259 	 313 	 ww
21 	 262 	 267 	 ww
21 	 266 	 294 	 ww
21 	 267 	 307 	 ww
21 	 269 	 287 	 ww
21 	 269 	 306 	 ww
21 	 269 	 325 	 ww
21 	 270 	 283 	 ww
21 	 270 	 294 	 ww
21 	 270 	 328 	 ww
21 	 271 	 272 	 ww
21 	 271 	 327 	 ww
21 	 272 	 299 	 ww
21 	 272 	 330 	 ww
21 	 273 	 303 	 ww
21 	 273 	 308 	 ww
21 	 277 	 289 	 ww
21 	 277 	 322 	 ww
21 	 280 	 312 	 ww
21 	 280 	 323 	 ww
21 	 280 	 325 	 ww
21 	 281 	 287 	 ww
21 	 281 	 310 	 ww
21 	 282 	 313 	 ww
21 	 283 	 319 	 ww
21 	 284 	 303 	 ww
21 	 284 	 309 	 ww
21 	 285 	 293 	 ww
21 	 286 	 298 	 ww
21 	 288 	 302 	 ww
21 	 289 	 296 	 ww
21 	 293 	 318 	 ww
21 	 294 	 331 	 wp
21 	 296 	 326 	 ww
21 	 298 	 324 	 ww
21 	 299 	 328 	 ww
21 	 301 	 321 	 ww
21 	 303 	 315 	 ww
21 	 311 	 316 	 ww
21 	 311 	 318 	 ww
21 	 312 	 330 	 ww
21 	 314 	 321 	 ww
21 	 321 	 323 	 ww
21 	 322 	 328 	 ww
22 	 221 	 233 	 ww
22 	 221 	 238 	 ww
22 	 221 	 308 	 ww
22 	 222 	 226 	 ww
22 	 222 	 292 	 ww
22 	 223 	 231 	 ww
22 	 223 	 283 	 ww
22 	 224 	 235 	 ww
22 	 224 	 326 	 ww
22 	 226 	 238 	 ww
22 	 227 	 228 	 ww
22 	 227 	 308 	 ww
22 	 228 	 264 	 ww
22 	 228 	 290 	 ww
22 	 229 	 244 	 ww
22 	 229 	 289 	 ww
22 	 229 	 300 	 ww
22 	 230 	 263 	 ww
22 	 230 	 282 	 ww
22 	 230 	 316 	 ww
22 	 231 	 232 	 ww
22 	 233 	 236 	 ww
22 	 233 	 315 	 ww
22 	 234 	 253 	 ww
22 	 234 	 266 	 ww
22 	 234 	 329 	 ww
22 	 234 	 331 	 wp
22 	 235 	 237 	 ww
22 	 235 	 245 	 ww
22 	 237 	 264 	 ww
22 	 238 	 306 	 ww
22 	 238 	 325 	 ww
22 	 239 	 276 	 ww
22 	 240 	 302 	 ww
22 	 240 	 320 	 ww
22 	 241 	 300 	 ww
22 	 242 	 265 	 ww
22 	 242 	 267 	 ww
22 	 242 	 305 	 ww
22 	 243 	 256 	 ww
22 	 243 	 261 	 ww
22 	 243 	 275 	 ww
22 	 244 	 257 	 ww
22 	 245 	 287 	 ww
22 	 246 	 269 	 ww
22 	 246 	 295 	 ww
22 	 246 	 319 	 ww
22 	 247 	 304 	 ww
22 	 247 	 318 	 ww
22 	 248 	 251 	 ww
22 	 248 	 257 	 ww
22 	 249 	 300 	 ww
22 	 250 	 325 	 ww
22 	 250 	 330 	 ww
22 	 251 	 279 	 ww
22 	 251 	 283 	 ww
22 	 252 	 256 	 ww
22 	 252 	 275 	 ww
22 	 252 	 285 	 ww
22 	 254 	 279 	 ww
22 	 255 	 305 	 ww
22 	 255 	 327 	 ww
22 	 256 	 295 	 ww
22 	 256 	 305 	 ww
22 	 257 	 291 	 ww
22 	 258 	 276 	 ww
22 	 259 	 288 	 ww
22 	 259 	 313 	 ww
22 	 262 	 267 	 ww
22 	 266 	 294 	 ww
22 	 267 	 307 	 ww
22 	 269 	 287 	 ww
22 	 269 	 325 	 ww
22 	 270 	 283 	 ww
22 	 270 	 294 	 ww
22 	 270 	 328 	 ww
22 	 271 	 272 	 ww
22 	 271 	 327 	 ww
22 	 272 	 330 	 ww
22 	 273 	 303 	 ww
22 	 273 	 308 	 ww
22 	 277 	 289 	 ww
22 	 277 	 322 	 ww
22 	 280 	 312 	 ww
22 	 280 	 323 	 ww
22 	 280 	 325 	 ww
22 	 281 	 287 	 ww
22 	 281 	 310 	 ww
22 	 282 	 313 	 ww
22 	 283 	 319 	 ww
22 	 284 	 303 	 ww
22 	 284 	 309 	 ww
22 	 285 	 293 	 ww
22 	 286 	 298 	 ww
22 	 288 	 302 	 ww
22 	 289 	 296 	 ww
22 	 293 	 318 	 ww
22 	 294 	 331 	 wp
22 	 296 	 326 	 ww
22 	 298 	 324 	 ww
22 	 299 	 328 	 ww
22 	 301 	 321 	 ww
22 	 303 	 315 	 ww
22 	 311 	 316 	 ww
22 	 311 	 318 	 ww
22 	 312 	 330 	 ww
22 	 314 	 321 	 ww
22 	 315 	 328 	 ww
22 	 321 	 323 	 ww
22 	 322 	 328 	 ww
23 	 221 	 233 	 ww
23 	 221 	 238 	 ww
23 	 221 	 308 	 ww
23 	 222 	 226 	 ww
23 	 222 	 292 	 ww
23 	 222 	 310 	 ww
23 	 223 	 231 	 ww
23 	 223 	 283 	 ww
23 	 224 	 235 	 ww
23 	 224 	 298 	 ww
23 	 224 	 326 	 ww
23 	 225 	 321 	 ww
23 	 226 	 238 	 ww
23 	 227 	 228 	 ww
23 	 227 	 244 	 ww
23 	 227 	 308 	 ww
23 	 228 	 264 	 ww
23 	 228 	 290 	 ww
23 	 229 	 244 	 ww
23 	 229 	 289 	 ww
23 	 230 	 263 	 ww
23 	 230 	 282 	 ww
23 	 230 	 316 	 ww
23 	 231 	 232 	 ww
23 	 233 	 236 	 ww
23 	 233 	 315 	 ww
23 	 234 	 253 	 ww
23 	 234 	 266 	 ww
23 	 234 	 329 	 ww
23 	 234 	 331 	 wp
23 	 235 	 237 	 ww
23 	 235 	 245 	 ww
23 	 237 	 264 	 ww
23 	 238 	 306 	 ww
23 	 238 	 325 	 ww
23 	 239 	 276 	 ww
23 	 240 	 302 	 ww
23 	 240 	 320 	 ww
23 	 241 	 300 	 ww
23 	 242 	 265 	 ww
23 	 242 	 305 	 ww
23 	 243 	 256 	 ww
23 	 243 	 275 	 ww
23 	 244 	 257 	 ww
23 	 244 	 326 	 ww
23 	 245 	 287 	 ww
23 	 246 	 269 	 ww
23 	 246 	 295 	 ww
23 	 246 	 319 	 ww
23 	 247 	 304 	 ww
23 	 247 	 318 	 ww
23 	 248 	 251 	 ww
23 	 248 	 257 	 ww
23 	 249 	 300 	 ww
23 	 250 	 325 	 ww
23 	 250 	 330 	 ww
23 	 251 	 279 	 ww
23 	 251 	 283 	 ww
23 	 252 	 256 	 ww
23 	 252 	 275 	 ww
23 	 252 	 285 	 ww
23 	 254 	 264 	 ww
23 	 254 	 279 	 ww
23 	 255 	 305 	 ww
23 	 255 	 327 	 ww
23 	 256 	 295 	 ww
23 	 256 	 305 	 ww
23 	 257 	 291 	 ww
23 	 258 	 276 	 ww
23 	 259 	 288 	 ww
23 	 259 	 313 	 ww
23 	 266 	 294 	 ww
23 	 267 	 307 	 ww
23 	 269 	 287 	 ww
23 	 269 	 306 	 ww
23 	 269 	 325 	 ww
23 	 270 	 283 	 ww
23 	 270 	 294 	 ww
23 	 270 	 328 	 ww
23 	 270 	 329 	 ww
23 	 271 	 272 	 ww
23 	 271 	 327 	 ww
23 	 272 	 330 	 ww
23 	 273 	 303 	 ww
23 	 277 	 289 	 ww
23 	 277 	 322 	 ww
23 	 280 	 323 	 ww
23 	 280 	 325 	 ww
23 	 281 	 287 	 ww
23 	 281 	 310 	 ww
23 	 282 	 313 	 ww
23 	 283 	 319 	 ww
23 	 284 	 303 	 ww
23 	 284 	 309 	 ww
23 	 286 	 298 	 ww
23 	 288 	 302 	 ww
23 	 289 	 296 	 ww
23 	 294 	 331 	 wp
23 	 296 	 326 	 ww
23 	 298 	 324 	 ww
23 	 299 	 328 	 ww
23 	 301 	 321 	 ww
23 	 303 	 315 	 ww
23 	 311 	 318 	 ww
23 	 312 	 330 	 ww
23 	 314 	 321 	 ww
23 	 315 	 328 	 ww
23 	 321 	 323 	 ww
23 	 322 	 328 	 ww
24 	 221 	 233 	 ww
24 	 221 	 238 	 ww
24 	 221 	 308 	 ww
24 	 222 	 226 	 ww
24 	 222 	 292 	 ww
24 	 222 	 310 	 ww
24 	 223 	 231 	 ww
24 	 223 	 283 	 ww
24 	 224 	 235 	 ww
24 	 224 	 298 	 ww
24 	 224 	 326 	 ww
24 	 225 	 321 	 ww
24 	 226 	 238 	 ww
24 	 227 	 228 	 ww
24 	 227 	 244 	 ww
24 	 227 	 308 	 ww
24 	 228 	 264 	 ww
24 	 229 	 244 	 ww
24 	 229 	 289 	 ww
24 	 230 	 263 	 ww
24 	 230 	 282 	 ww
24 	 230 	 316 	 ww
24 	 231 	 232 	 ww
24 	 233 	 236 	 ww
24 	 233 	 260 	 ww
24 	 233 	 315 	 ww
24 	 234 	 253 	 ww
24 	 234 	 266 	 ww
24 	 234 	 329 	 ww
24 	 234 	 331 	 wp
24 	 235 	 237 	 ww
24 	 235 	 245 	 ww
24 	 237 	 264 	 ww
24 	 238 	 306 	 ww
24 	 238 	 325 	 ww
24 	 239 	 276 	 ww
24 	 240 	 261 	 ww
24 	 240 	 302 	 ww
24 	 240 	 320 	 ww
24 	 241 	 300 	 ww
24 	 242 	 265 	 ww
24 	 242 	 305 	 ww
24 	 243 	 256 	 ww
24 	 243 	 275 	 ww
24 	 244 	 257 	 ww
24 	 244 	 326 	 ww
24 	 245 	 287 	 ww
24 	 246 	 269 	 ww
24 	 246 	 295 	 ww
24 	 246 	 319 	 ww
24 	 247 	 304 	 ww
24 	 247 	 318 	 ww
24 	 248 	 257 	 ww
24 	 248 	 314 	 ww
24 	 249 	 300 	 ww
24 	 250 	 325 	 ww
24 	 250 	 330 	 ww
24 	 251 	 279 	 ww
24 	 251 	 283 	 ww
24 	 252 	 256 	 ww
24 	 252 	 275 	 ww
24 	 252 	 285 	 ww
24 	 254 	 264 	 ww
24 	 254 	 279 	 ww
24 	 255 	 305 	 ww
24 	 255 	 327 	 ww
24 	 256 	 295 	 ww
24 	 256 	 305 	 ww
24 	 257 	 291 	 ww
24 	 258 	 276 	 ww
24 	 259 	 288 	 ww
24 	 259 	 313 	 ww
24 	 265 	 279 	 ww
24 	 266 	 294 	 ww
24 	 267 	 307 	 ww
24 	 269 	 287 	 ww
24 	 269 	 306 	 ww
24 	 269 	 325 	 ww
24 	 270 	 294 	 ww
24 	 270 	 328 	 ww
24 	 270 	 329 	 ww
24 	 271 	 272 	 ww
24 	 271 	 327 	 ww
24 	 271 	 329 	 ww
24 	 272 	 330 	 ww
24 	 277 	 289 	 ww
24 	 277 	 322 	 ww
24 	 280 	 323 	 ww
24 	 280 	 325 	 ww
24 	 281 	 287 	 ww
24 	 281 	 310 	 ww
24 	 282 	 313 	 ww
24 	 283 	 319 	 ww
24 	 284 	 303 	 ww
24 	 284 	 309 	 ww
24 	 288 	 302 	 ww
24 	 289 	 296 	 ww
24 	 294 	 331 	 wp
24 	 296 	 326 	 ww
24 	 298 	 324 	 ww
24 	 299 	 328 	 ww
24 	 301 	 321 	 ww
24 	 302 	 319 	 ww
24 	 303 	 315 	 ww
24 	 311 	 318 	 ww
24 	 312 	 330 	 ww
24 	 314 	 321 	 ww
24 	 314 	 326 	 ww
24 	 315 	 328 	 ww
24 	 319 	 323 	 ww
24 	 321 	 323 	 ww
24 	 322 	 328 	 ww
25 	 221 	 233 	 ww
25 	 221 	 238 	 ww
25 	 221 	 308 	 ww
25 	 222 	 226 	 ww
25 	 222 	 292 	 ww
25 	 222 	 310 	 ww
25 	 223 	 231 	 ww
25 	 223 	 283 	 ww
25 	 224 	 326 	 ww
25 	 225 	 321 	 ww
25 	 226 	 238 	 ww
25 	 227 	 244 	 ww
25 	 227 	 308 	 ww
25 	 228 	 264 	 ww
25 	 229 	 244 	 ww
25 	 229 	 289 	 ww
25 	 230 	 263 	 ww
25 	 230 	 282 	 ww
25 	 230 	 316 	 ww
25 	 231 	 232 	 ww
25 	 233 	 236 	 ww
25 	 233 	 260 	 ww
25 	 233 	 315 	 ww
25 	 234 	 253 	 ww
25 	 234 	 266 	 ww
25 	 234 	 329 	 ww
25 	 234 	 331 	 wp
25 	 235 	 245 	 ww
25 	 237 	 264 	 ww
25 	 238 	 306 	 ww
25 	 238 	 325 	 ww
25 	 239 	 276 	 ww
25 	 239 	 286 	 ww
25 	 240 	 302 	 ww
25 	 240 	 320 	 ww
25 	 241 	 300 	 ww
25 	 242 	 265 	 ww
25 	 242 	 267 	 ww
25 	 242 	 305 	 ww
25 	 243 	 256 	 ww
25 	 243 	 275 	 ww
25 	 244 	 257 	 ww
25 	 244 	 326 	 ww
25 	 245 	 287 	 ww
25 	 245 	 297 	 ww
25 	 246 	 269 	 ww
25 	 246 	 295 	 ww
25 	 246 	 319 	 ww
25 	 247 	 304 	 ww
25 	 247 	 318 	 ww
25 	 248 	 257 	 ww
25 	 248 	 314 	 ww
25 	 249 	 286 	 ww
25 	 249 	 300 	 ww
25 	 250 	 325 	 ww
25 	 250 	 330 	 ww
25 	 251 	 279 	 ww
25 	 252 	 256 	 ww
25 	 252 	 275 	 ww
25 	 252 	 285 	 ww
25 	 254 	 264 	 ww
25 	 254 	 279 	 ww
25 	 255 	 305 	 ww
25 	 255 	 324 	 ww
25 	 255 	 327 	 ww
25 	 256 	 295 	 ww
25 	 256 	 305 	 ww
25 	 258 	 276 	 ww
25 	 259 	 313 	 ww
25 	 262 	 267 	 ww
25 	 263 	 317 	 ww
25 	 265 	 279 	 ww
25 	 266 	 294 	 ww
25 	 267 	 307 	 ww
25 	 269 	 287 	 ww
25 	 269 	 325 	 ww
25 	 270 	 294 	 ww
25 	 270 	 328 	 ww
25 	 270 	 329 	 ww
25 	 271 	 272 	 ww
25 	 271 	 327 	 ww
25 	 271 	 329 	 ww
25 	 272 	 330 	 ww
25 	 277 	 289 	 ww
25 	 277 	 299 	 ww
25 	 277 	 322 	 ww
25 	 278 	 292 	 ww
25 	 280 	 323 	 ww
25 	 280 	 325 	 ww
25 	 281 	 310 	 ww
25 	 282 	 313 	 ww
25 	 283 	 319 	 ww
25 	 284 	 303 	 ww
25 	 284 	 309 	 ww
25 	 286 	 298 	 ww
25 	 288 	 302 	 ww
25 	 289 	 296 	 ww
25 	 291 	 299 	 ww
25 	 294 	 331 	 wp
25 	 296 	 326 	 ww
25 	 298 	 324 	 ww
25 	 299 	 328 	 ww
25 	 301 	 304 	 ww
25 	 301 	 321 	 ww
25 	 302 	 312 	 ww
25 	 311 	 318 	 ww
25 	 312 	 330 	 ww
25 	 314 	 321 	 ww
25 	 314 	 326 	 ww
25 	 315 	 328 	 ww
25 	 319 	 323 	 ww
25 	 321 	 323 	 ww
25 	 322 	 328 	 ww
26 	 221 	 233 	 ww
26 	 221 	 238 	 ww
26 	 221 	 308 	 ww
26 	 222 	 226 	 ww
26 	 222 	 292 	 ww
26 	 223 	 231 	 ww
26 	 223 	 283 	 ww
26 	 224 	 326 	 ww
26 	 226 	 238 	 ww
26 	 227 	 244 	 ww
26 	 227 	 308 	 ww
26 	 228 	 260 	 ww
26 	 229 	 244 	 ww
26 	 229 	 289 	 ww
26 	 230 	 263 	 ww
26 	 230 	 282 	 ww
26 	 230 	 316 	 ww
26 	 231 	 232 	 ww
26 	 233 	 260 	 ww
26 	 233 	 315 	 ww
26 	 234 	 253 	 ww
26 	 234 	 266 	 ww
26 	 234 	 329 	 ww
26 	 234 	 331 	 wp
26 	 235 	 245 	 ww
26 	 238 	 306 	 ww
26 	 238 	 325 	 ww
26 	 239 	 276 	 ww
26 	 239 	 286 	 ww
26 	 240 	 302 	 ww
26 	 240 	 320 	 ww
26 	 241 	 300 	 ww
26 	 242 	 265 	 ww
26 	 242 	 267 	 ww
26 	 242 	 305 	 ww
26 	 243 	 256 	 ww
26 	 243 	 259 	 ww
26 	 244 	 257 	 ww
26 	 245 	 287 	 ww
26 	 245 	 297 	 ww
26 	 246 	 295 	 ww
26 	 246 	 319 	 ww
26 	 247 	 304 	 ww
26 	 247 	 318 	 ww
26 	 248 	 257 	 ww
26 	 248 	 314 	 ww
26 	 249 	 286 	 ww
26 	 249 	 300 	 ww
26 	 250 	 325 	 ww
26 	 250 	 330 	 ww
26 	 251 	 279 	 ww
26 	 252 	 256 	 ww
26 	 252 	 275 	 ww
26 	 252 	 285 	 ww
26 	 254 	 264 	 ww
26 	 254 	 279 	 ww
26 	 255 	 305 	 ww
26 	 255 	 324 	 ww
26 	 255 	 327 	 ww
26 	 256 	 295 	 ww
26 	 256 	 305 	 ww
26 	 258 	 276 	 ww
26 	 259 	 313 	 ww
26 	 263 	 317 	 ww
26 	 265 	 279 	 ww
26 	 266 	 294 	 ww
26 	 267 	 307 	 ww
26 	 269 	 287 	 ww
26 	 269 	 325 	 ww
26 	 270 	 294 	 ww
26 	 270 	 329 	 ww
26 	 271 	 272 	 ww
26 	 271 	 327 	 ww
26 	 271 	 329 	 ww
26 	 272 	 299 	 ww
26 	 272 	 330 	 ww
26 	 273 	 303 	 ww
26 	 273 	 308 	 ww
26 	 277 	 289 	 ww
26 	 277 	 299 	 ww
26 	 277 	 322 	 ww
26 	 278 	 292 	 ww
26 	 280 	 323 	 ww
26 	 280 	 325 	 ww
26 	 281 	 310 	 ww
26 	 282 	 313 	 ww
26 	 283 	 319 	 ww
26 	 284 	 303 	 ww
26 	 284 	 309 	 ww
26 	 286 	 298 	 ww
26 	 288 	 302 	 ww
26 	 289 	 296 	 ww
26 	 291 	 299 	 ww
26 	 294 	 331 	 wp
26 	 296 	 326 	 ww
26 	 298 	 324 	 ww
26 	 299 	 328 	 ww
26 	 301 	 304 	 ww
26 	 302 	 312 	 ww
26 	 311 	 316 	 ww
26 	 311 	 318 	 ww
26 	 312 	 330 	 ww
26 	 314 	 321 	 ww
26 	 314 	 326 	 ww
26 	 315 	 328 	 ww
26 	 319 	 323 	 ww
26 	 321 	 323 	 ww
26 	 322 	 328 	 ww
27 	 221 	 233 	 ww
27 	 221 	 238 	 ww
27 	 221 	 308 	 ww
27 	 222 	 292 	 ww
27 	 223 	 231 	 ww
27 	 223 	 252 	 ww
27 	 224 	 298 	 ww
27 	 224 	 326 	 ww
27 	 226 	 238 	 ww
27 	 227 	 244 	 ww
27 	 227 	 308 	 ww
27 	 228 	 260 	 ww
27 	 229 	 244 	 ww
27 	 229 	 289 	 ww
27 	 230 	 282 	 ww
27 	 230 	 316 	 ww
27 	 231 	 232 	 ww
27 	 233 	 260 	 ww
27 	 233 	 315 	 ww
27 	 234 	 253 	 ww
27 	 234 	 266 	 ww
27 	 234 	 329 	 ww
27 	 234 	 331 	 wp
27 	 235 	 245 	 ww
27 	 236 	 285 	 ww
27 	 237 	 264 	 ww
27 	 238 	 325 	 ww
27 	 239 	 276 	 ww
27 	 239 	 286 	 ww
27 	 240 	 302 	 ww
27 	 240 	 320 	 ww
27 	 241 	 300 	 ww
27 	 241 	 324 	 ww
27 	 242 	 265 	 ww
27 	 242 	 267 	 ww
27 	 242 	 305 	 ww
27 	 243 	 256 	 ww
27 	 243 	 259 	 ww
27 	 244 	 326 	 ww
27 	 245 	 287 	 ww
27 	 245 	 297 	 ww
27 	 246 	 295 	 ww
27 	 246 	 319 	 ww
27 	 247 	 304 	 ww
27 	 247 	 318 	 ww
27 	 248 	 257 	 ww
27 	 249 	 286 	 ww
27 	 249 	 300 	 ww
27 	 250 	 325 	 ww
27 	 250 	 330 	 ww
27 	 251 	 279 	 ww
27 	 252 	 256 	 ww
27 	 252 	 275 	 ww
27 	 252 	 285 	 ww
27 	 254 	 264 	 ww
27 	 255 	 305 	 ww
27 	 255 	 324 	 ww
27 	 255 	 327 	 ww
27 	 256 	 295 	 ww
27 	 256 	 305 	 ww
27 	 257 	 291 	 ww
27 	 258 	 276 	 ww
27 	 259 	 313 	 ww
27 	 263 	 317 	 ww
27 	 265 	 279 	 ww
27 	 266 	 294 	 ww
27 	 267 	 307 	 ww
27 	 269 	 287 	 ww
27 	 269 	 325 	 ww
27 	 270 	 294 	 ww
27 	 270 	 329 	 ww
27 	 271 	 272 	 ww
27 	 271 	 327 	 ww
27 	 272 	 299 	 ww
27 	 272 	 330 	 ww
27 	 273 	 303 	 ww
27 	 273 	 308 	 ww
27 	 275 	 293 	 ww
27 	 277 	 289 	 ww
27 	 277 	 299 	 ww
27 	 277 	 322 	 ww
27 	 278 	 292 	 ww
27 	 280 	 323 	 ww
27 	 280 	 325 	 ww
27 	 281 	 310 	 ww
27 	 282 	 313 	 ww
27 	 283 	 319 	 ww
27 	 284 	 303 	 ww
27 	 284 	 309 	 ww
27 	 286 	 298 	 ww
27 	 288 	 302 	 ww
27 	 289 	 296 	 ww
27 	 291 	 299 	 ww
27 	 294 	 331 	 wp
27 	 296 	 326 	 ww
27 	 298 	 324 	 ww
27 	 299 	 328 	 ww
27 	 301 	 304 	 ww
27 	 302 	 312 	 ww
27 	 311 	 316 	 ww
27 	 311 	 318 	 ww
27 	 312 	 330 	 ww
27 	 314 	 321 	 ww
27 	 314 	 326 	 ww
27 	 315 	 328 	 ww
27 	 319 	 323 	 ww
27 	 321 	 323 	 ww
27 	 322 	 328 	 ww
28 	 221 	 233 	 ww
28 	 221 	 238 	 ww
28 	 221 	 308 	 ww
28 	 222 	 292 	 ww
28 	 223 	 252 	 ww
28 	 224 	 298 	 ww
28 	 224 	 326 	 ww
28 	 226 	 238 	 ww
28 	 227 	 244 	 ww
28 	 228 	 260 	 ww
28 	 229 	 244 	 ww
28 	 229 	 289 	 ww
28 	 230 	 282 	 ww
28 	 230 	 316 	 ww
28 	 231 	 232 	 ww
28 	 232 	 246 	 ww
28 	 233 	 236 	 ww
28 	 233 	 260 	 ww
28 	 233 	 315 	 ww
28 	 234 	 253 	 ww
28 	 234 	 266 	 ww
28 	 234 	 329 	 ww
28 	 234 	 331 	 wp
28 	 235 	 237 	 ww
28 	 235 	 245 	 ww
28 	 236 	 285 	 ww
28 	 237 	 264 	 ww
28 	 238 	 325 	 ww
28 	 239 	 276 	 ww
28 	 239 	 286 	 ww
28 	 240 	 302 	 ww
28 	 240 	 320 	 ww
28 	 241 	 300 	 ww
28 	 241 	 324 	 ww
28 	 242 	 265 	 ww
28 	 242 	 267 	 ww
28 	 242 	 305 	 ww
28 	 243 	 259 	 ww
28 	 245 	 287 	 ww
28 	 245 	 297 	 ww
28 	 246 	 283 	 ww
28 	 246 	 295 	 ww
28 	 246 	 319 	 ww
28 	 247 	 304 	 ww
28 	 247 	 318 	 ww
28 	 248 	 257 	 ww
28 	 249 	 286 	 ww
28 	 249 	 300 	 ww
28 	 250 	 325 	 ww
28 	 250 	 330 	 ww
28 	 251 	 279 	 ww
28 	 252 	 256 	 ww
28 	 252 	 275 	 ww
28 	 252 	 285 	 ww
28 	 254 	 264 	 ww
28 	 255 	 305 	 ww
28 	 255 	 324 	 ww
28 	 255 	 327 	 ww
28 	 256 	 295 	 ww
28 	 256 	 305 	 ww
28 	 257 	 291 	 ww
28 	 258 	 276 	 ww
28 	 259 	 313 	 ww
28 	 263 	 317 	 ww
28 	 265 	 279 	 ww
28 	 266 	 294 	 ww
28 	 267 	 307 	 ww
28 	 268 	 311 	 ww
28 	 269 	 287 	 ww
28 	 269 	 325 	 ww
28 	 270 	 294 	 ww
28 	 270 